CaseID,Len
204466,1
204466,10
204466,11
204466,12
204466,13
204466,14
204466,15
204466,16
204466,17
204466,18
204466,19
204466,2
204466,20
204466,21
204466,22
204466,23
204466,24
204466,25
204466,26
204466,3
204466,4
204466,5
204466,6
204466,7
204466,8
204466,9
204469,1
204469,10
204469,11
204469,12
204469,13
204469,14
204469,15
204469,16
204469,17
204469,18
204469,19
204469,2
204469,20
204469,21
204469,22
204469,23
204469,24
204469,25
204469,26
204469,27
204469,28
204469,29
204469,3
204469,30
204469,31
204469,32
204469,4
204469,5
204469,6
204469,7
204469,8
204469,9
204472,1
204472,10
204472,11
204472,12
204472,13
204472,14
204472,15
204472,16
204472,17
204472,18
204472,19
204472,2
204472,20
204472,21
204472,22
204472,23
204472,24
204472,25
204472,26
204472,27
204472,28
204472,29
204472,3
204472,30
204472,31
204472,32
204472,33
204472,4
204472,5
204472,6
204472,7
204472,8
204472,9
204475,1
204475,10
204475,11
204475,12
204475,13
204475,14
204475,15
204475,16
204475,17
204475,18
204475,19
204475,2
204475,20
204475,21
204475,22
204475,23
204475,24
204475,25
204475,26
204475,27
204475,28
204475,29
204475,3
204475,30
204475,31
204475,32
204475,33
204475,34
204475,35
204475,36
204475,37
204475,38
204475,39
204475,4
204475,40
204475,5
204475,6
204475,7
204475,8
204475,9
204481,1
204481,10
204481,11
204481,12
204481,13
204481,14
204481,15
204481,16
204481,17
204481,18
204481,19
204481,2
204481,20
204481,21
204481,22
204481,3
204481,4
204481,5
204481,6
204481,7
204481,8
204481,9
204484,1
204484,10
204484,11
204484,12
204484,13
204484,14
204484,15
204484,16
204484,17
204484,18
204484,19
204484,2
204484,20
204484,21
204484,22
204484,23
204484,24
204484,25
204484,26
204484,3
204484,4
204484,5
204484,6
204484,7
204484,8
204484,9
204499,1
204499,10
204499,11
204499,12
204499,13
204499,14
204499,15
204499,16
204499,17
204499,18
204499,19
204499,2
204499,20
204499,21
204499,22
204499,3
204499,4
204499,5
204499,6
204499,7
204499,8
204499,9
204514,1
204514,10
204514,11
204514,12
204514,13
204514,14
204514,15
204514,16
204514,17
204514,18
204514,19
204514,2
204514,20
204514,21
204514,22
204514,23
204514,24
204514,25
204514,26
204514,27
204514,28
204514,29
204514,3
204514,30
204514,31
204514,4
204514,5
204514,6
204514,7
204514,8
204514,9
204523,1
204523,10
204523,11
204523,12
204523,13
204523,14
204523,15
204523,16
204523,17
204523,18
204523,19
204523,2
204523,20
204523,21
204523,22
204523,23
204523,24
204523,25
204523,26
204523,3
204523,4
204523,5
204523,6
204523,7
204523,8
204523,9
204541,1
204541,10
204541,11
204541,12
204541,13
204541,14
204541,15
204541,16
204541,17
204541,18
204541,19
204541,2
204541,20
204541,21
204541,22
204541,23
204541,24
204541,25
204541,26
204541,27
204541,28
204541,29
204541,3
204541,30
204541,31
204541,32
204541,4
204541,5
204541,6
204541,7
204541,8
204541,9
204544,1
204544,10
204544,11
204544,12
204544,13
204544,14
204544,15
204544,16
204544,17
204544,18
204544,19
204544,2
204544,20
204544,21
204544,22
204544,23
204544,24
204544,25
204544,26
204544,27
204544,3
204544,4
204544,5
204544,6
204544,7
204544,8
204544,9
204553,1
204553,10
204553,11
204553,12
204553,13
204553,14
204553,15
204553,16
204553,17
204553,18
204553,19
204553,2
204553,20
204553,3
204553,4
204553,5
204553,6
204553,7
204553,8
204553,9
204562,1
204562,10
204562,11
204562,12
204562,13
204562,14
204562,15
204562,16
204562,17
204562,18
204562,19
204562,2
204562,20
204562,21
204562,22
204562,23
204562,24
204562,25
204562,26
204562,27
204562,28
204562,29
204562,3
204562,30
204562,31
204562,32
204562,33
204562,34
204562,35
204562,36
204562,37
204562,38
204562,39
204562,4
204562,40
204562,5
204562,6
204562,7
204562,8
204562,9
204565,1
204565,10
204565,11
204565,12
204565,13
204565,14
204565,15
204565,16
204565,17
204565,18
204565,19
204565,2
204565,20
204565,21
204565,22
204565,23
204565,24
204565,25
204565,26
204565,27
204565,28
204565,29
204565,3
204565,30
204565,31
204565,4
204565,5
204565,6
204565,7
204565,8
204565,9
204574,1
204574,10
204574,11
204574,12
204574,13
204574,14
204574,15
204574,16
204574,17
204574,18
204574,19
204574,2
204574,20
204574,21
204574,22
204574,23
204574,24
204574,25
204574,26
204574,27
204574,28
204574,29
204574,3
204574,30
204574,31
204574,32
204574,33
204574,34
204574,35
204574,4
204574,5
204574,6
204574,7
204574,8
204574,9
204583,1
204583,10
204583,11
204583,12
204583,13
204583,14
204583,15
204583,16
204583,17
204583,18
204583,19
204583,2
204583,20
204583,21
204583,22
204583,23
204583,24
204583,25
204583,26
204583,27
204583,28
204583,29
204583,3
204583,30
204583,31
204583,32
204583,33
204583,34
204583,35
204583,36
204583,37
204583,38
204583,39
204583,4
204583,5
204583,6
204583,7
204583,8
204583,9
204586,1
204586,10
204586,11
204586,12
204586,13
204586,14
204586,15
204586,16
204586,17
204586,18
204586,19
204586,2
204586,20
204586,21
204586,22
204586,23
204586,24
204586,25
204586,26
204586,27
204586,28
204586,29
204586,3
204586,30
204586,31
204586,32
204586,33
204586,34
204586,35
204586,36
204586,37
204586,38
204586,39
204586,4
204586,40
204586,5
204586,6
204586,7
204586,8
204586,9
204592,1
204592,10
204592,11
204592,12
204592,13
204592,14
204592,15
204592,16
204592,17
204592,18
204592,19
204592,2
204592,20
204592,21
204592,22
204592,23
204592,24
204592,25
204592,26
204592,27
204592,28
204592,29
204592,3
204592,30
204592,31
204592,32
204592,33
204592,34
204592,35
204592,36
204592,37
204592,38
204592,39
204592,4
204592,40
204592,5
204592,6
204592,7
204592,8
204592,9
204595,1
204595,10
204595,11
204595,12
204595,13
204595,14
204595,15
204595,16
204595,17
204595,18
204595,19
204595,2
204595,20
204595,21
204595,22
204595,23
204595,24
204595,25
204595,26
204595,27
204595,28
204595,29
204595,3
204595,30
204595,31
204595,32
204595,33
204595,34
204595,35
204595,36
204595,37
204595,38
204595,39
204595,4
204595,40
204595,5
204595,6
204595,7
204595,8
204595,9
204604,1
204604,10
204604,11
204604,12
204604,13
204604,14
204604,15
204604,16
204604,17
204604,18
204604,19
204604,2
204604,20
204604,21
204604,22
204604,23
204604,24
204604,25
204604,3
204604,4
204604,5
204604,6
204604,7
204604,8
204604,9
204607,1
204607,10
204607,11
204607,12
204607,13
204607,14
204607,15
204607,16
204607,17
204607,18
204607,19
204607,2
204607,20
204607,21
204607,22
204607,23
204607,24
204607,25
204607,26
204607,27
204607,28
204607,29
204607,3
204607,30
204607,4
204607,5
204607,6
204607,7
204607,8
204607,9
204613,1
204613,10
204613,11
204613,12
204613,13
204613,14
204613,15
204613,16
204613,17
204613,18
204613,19
204613,2
204613,20
204613,21
204613,22
204613,23
204613,24
204613,25
204613,3
204613,4
204613,5
204613,6
204613,7
204613,8
204613,9
204628,1
204628,10
204628,11
204628,12
204628,13
204628,14
204628,15
204628,16
204628,17
204628,18
204628,19
204628,2
204628,20
204628,21
204628,22
204628,23
204628,24
204628,25
204628,26
204628,27
204628,28
204628,29
204628,3
204628,30
204628,31
204628,32
204628,33
204628,34
204628,35
204628,36
204628,37
204628,38
204628,39
204628,4
204628,40
204628,5
204628,6
204628,7
204628,8
204628,9
204640,1
204640,10
204640,11
204640,12
204640,13
204640,14
204640,15
204640,16
204640,17
204640,18
204640,19
204640,2
204640,20
204640,21
204640,22
204640,23
204640,24
204640,25
204640,3
204640,4
204640,5
204640,6
204640,7
204640,8
204640,9
204646,1
204646,10
204646,11
204646,12
204646,13
204646,14
204646,15
204646,16
204646,17
204646,18
204646,19
204646,2
204646,20
204646,21
204646,22
204646,23
204646,24
204646,25
204646,26
204646,27
204646,28
204646,29
204646,3
204646,30
204646,31
204646,32
204646,33
204646,34
204646,35
204646,36
204646,4
204646,5
204646,6
204646,7
204646,8
204646,9
204661,1
204661,10
204661,11
204661,12
204661,13
204661,14
204661,15
204661,16
204661,17
204661,18
204661,19
204661,2
204661,20
204661,21
204661,22
204661,23
204661,24
204661,25
204661,26
204661,27
204661,28
204661,29
204661,3
204661,30
204661,31
204661,32
204661,33
204661,34
204661,35
204661,36
204661,37
204661,38
204661,39
204661,4
204661,40
204661,5
204661,6
204661,7
204661,8
204661,9
204667,1
204667,10
204667,11
204667,12
204667,13
204667,14
204667,15
204667,16
204667,17
204667,18
204667,19
204667,2
204667,20
204667,21
204667,22
204667,23
204667,24
204667,25
204667,26
204667,27
204667,28
204667,29
204667,3
204667,30
204667,31
204667,32
204667,33
204667,34
204667,35
204667,36
204667,37
204667,38
204667,39
204667,4
204667,40
204667,5
204667,6
204667,7
204667,8
204667,9
204670,1
204670,10
204670,11
204670,12
204670,13
204670,14
204670,15
204670,16
204670,17
204670,18
204670,19
204670,2
204670,20
204670,21
204670,22
204670,23
204670,24
204670,25
204670,26
204670,27
204670,28
204670,29
204670,3
204670,30
204670,31
204670,32
204670,33
204670,34
204670,35
204670,36
204670,37
204670,38
204670,39
204670,4
204670,40
204670,5
204670,6
204670,7
204670,8
204670,9
204679,1
204679,10
204679,11
204679,12
204679,13
204679,14
204679,15
204679,16
204679,17
204679,18
204679,19
204679,2
204679,20
204679,21
204679,22
204679,23
204679,3
204679,4
204679,5
204679,6
204679,7
204679,8
204679,9
204682,1
204682,10
204682,11
204682,12
204682,13
204682,14
204682,15
204682,16
204682,17
204682,18
204682,19
204682,2
204682,20
204682,21
204682,22
204682,23
204682,24
204682,25
204682,3
204682,4
204682,5
204682,6
204682,7
204682,8
204682,9
204685,1
204685,10
204685,11
204685,12
204685,13
204685,14
204685,15
204685,16
204685,17
204685,18
204685,19
204685,2
204685,20
204685,21
204685,22
204685,23
204685,3
204685,4
204685,5
204685,6
204685,7
204685,8
204685,9
204691,1
204691,10
204691,11
204691,12
204691,13
204691,14
204691,15
204691,16
204691,17
204691,18
204691,19
204691,2
204691,20
204691,21
204691,22
204691,23
204691,24
204691,25
204691,26
204691,27
204691,28
204691,29
204691,3
204691,30
204691,31
204691,32
204691,33
204691,34
204691,35
204691,36
204691,37
204691,38
204691,39
204691,4
204691,40
204691,5
204691,6
204691,7
204691,8
204691,9
204700,1
204700,10
204700,11
204700,12
204700,13
204700,14
204700,15
204700,16
204700,17
204700,18
204700,19
204700,2
204700,20
204700,21
204700,22
204700,23
204700,24
204700,25
204700,26
204700,27
204700,28
204700,29
204700,3
204700,4
204700,5
204700,6
204700,7
204700,8
204700,9
204703,1
204703,10
204703,11
204703,12
204703,13
204703,14
204703,15
204703,16
204703,17
204703,18
204703,19
204703,2
204703,20
204703,21
204703,22
204703,23
204703,24
204703,25
204703,26
204703,27
204703,28
204703,29
204703,3
204703,4
204703,5
204703,6
204703,7
204703,8
204703,9
204709,1
204709,10
204709,11
204709,12
204709,13
204709,14
204709,15
204709,16
204709,17
204709,18
204709,19
204709,2
204709,20
204709,21
204709,22
204709,23
204709,24
204709,25
204709,26
204709,27
204709,28
204709,29
204709,3
204709,30
204709,31
204709,32
204709,33
204709,34
204709,35
204709,36
204709,37
204709,38
204709,39
204709,4
204709,40
204709,5
204709,6
204709,7
204709,8
204709,9
204712,1
204712,10
204712,11
204712,12
204712,13
204712,14
204712,15
204712,16
204712,17
204712,18
204712,19
204712,2
204712,20
204712,21
204712,22
204712,23
204712,24
204712,25
204712,26
204712,27
204712,28
204712,29
204712,3
204712,30
204712,31
204712,32
204712,33
204712,34
204712,35
204712,36
204712,37
204712,38
204712,39
204712,4
204712,40
204712,5
204712,6
204712,7
204712,8
204712,9
204718,1
204718,10
204718,11
204718,12
204718,13
204718,14
204718,15
204718,16
204718,17
204718,18
204718,19
204718,2
204718,20
204718,21
204718,22
204718,23
204718,24
204718,25
204718,26
204718,27
204718,28
204718,29
204718,3
204718,30
204718,31
204718,32
204718,33
204718,34
204718,35
204718,36
204718,37
204718,38
204718,39
204718,4
204718,40
204718,5
204718,6
204718,7
204718,8
204718,9
204721,1
204721,10
204721,11
204721,12
204721,13
204721,14
204721,15
204721,16
204721,17
204721,18
204721,19
204721,2
204721,20
204721,21
204721,22
204721,23
204721,24
204721,25
204721,26
204721,3
204721,4
204721,5
204721,6
204721,7
204721,8
204721,9
204724,1
204724,10
204724,11
204724,12
204724,13
204724,14
204724,15
204724,16
204724,17
204724,18
204724,19
204724,2
204724,20
204724,21
204724,22
204724,23
204724,24
204724,25
204724,26
204724,27
204724,28
204724,29
204724,3
204724,30
204724,31
204724,32
204724,33
204724,34
204724,35
204724,4
204724,5
204724,6
204724,7
204724,8
204724,9
204730,1
204730,10
204730,11
204730,12
204730,13
204730,14
204730,15
204730,16
204730,17
204730,18
204730,19
204730,2
204730,20
204730,21
204730,22
204730,23
204730,24
204730,25
204730,26
204730,27
204730,28
204730,29
204730,3
204730,30
204730,31
204730,32
204730,33
204730,34
204730,35
204730,36
204730,37
204730,38
204730,39
204730,4
204730,40
204730,5
204730,6
204730,7
204730,8
204730,9
204742,1
204742,10
204742,11
204742,12
204742,13
204742,14
204742,15
204742,16
204742,17
204742,18
204742,19
204742,2
204742,20
204742,21
204742,22
204742,23
204742,24
204742,25
204742,26
204742,27
204742,28
204742,29
204742,3
204742,30
204742,31
204742,32
204742,33
204742,34
204742,35
204742,36
204742,37
204742,38
204742,39
204742,4
204742,40
204742,5
204742,6
204742,7
204742,8
204742,9
204751,1
204751,10
204751,11
204751,12
204751,13
204751,14
204751,15
204751,16
204751,17
204751,18
204751,19
204751,2
204751,20
204751,21
204751,22
204751,23
204751,24
204751,25
204751,26
204751,27
204751,28
204751,29
204751,3
204751,30
204751,31
204751,32
204751,33
204751,34
204751,35
204751,36
204751,37
204751,38
204751,39
204751,4
204751,40
204751,5
204751,6
204751,7
204751,8
204751,9
204760,1
204760,10
204760,11
204760,12
204760,13
204760,14
204760,15
204760,16
204760,17
204760,18
204760,19
204760,2
204760,20
204760,21
204760,22
204760,23
204760,24
204760,25
204760,26
204760,27
204760,3
204760,4
204760,5
204760,6
204760,7
204760,8
204760,9
204766,1
204766,10
204766,11
204766,12
204766,13
204766,14
204766,15
204766,16
204766,17
204766,18
204766,19
204766,2
204766,20
204766,21
204766,22
204766,23
204766,24
204766,25
204766,26
204766,27
204766,28
204766,29
204766,3
204766,30
204766,31
204766,32
204766,33
204766,34
204766,35
204766,36
204766,37
204766,38
204766,39
204766,4
204766,40
204766,5
204766,6
204766,7
204766,8
204766,9
204793,1
204793,10
204793,11
204793,12
204793,13
204793,14
204793,15
204793,16
204793,17
204793,18
204793,19
204793,2
204793,20
204793,21
204793,22
204793,23
204793,24
204793,25
204793,26
204793,27
204793,28
204793,29
204793,3
204793,30
204793,31
204793,32
204793,33
204793,34
204793,35
204793,36
204793,37
204793,38
204793,39
204793,4
204793,5
204793,6
204793,7
204793,8
204793,9
204799,1
204799,10
204799,11
204799,12
204799,13
204799,14
204799,15
204799,16
204799,17
204799,18
204799,19
204799,2
204799,20
204799,21
204799,22
204799,23
204799,24
204799,25
204799,26
204799,3
204799,4
204799,5
204799,6
204799,7
204799,8
204799,9
204808,1
204808,10
204808,11
204808,12
204808,13
204808,14
204808,15
204808,16
204808,17
204808,18
204808,19
204808,2
204808,20
204808,21
204808,22
204808,3
204808,4
204808,5
204808,6
204808,7
204808,8
204808,9
204829,1
204829,10
204829,11
204829,12
204829,13
204829,14
204829,15
204829,16
204829,17
204829,18
204829,19
204829,2
204829,20
204829,21
204829,22
204829,23
204829,24
204829,25
204829,26
204829,27
204829,28
204829,29
204829,3
204829,30
204829,31
204829,32
204829,33
204829,34
204829,35
204829,36
204829,4
204829,5
204829,6
204829,7
204829,8
204829,9
204838,1
204838,10
204838,11
204838,12
204838,13
204838,14
204838,15
204838,16
204838,17
204838,18
204838,19
204838,2
204838,20
204838,21
204838,22
204838,23
204838,24
204838,25
204838,26
204838,27
204838,28
204838,29
204838,3
204838,30
204838,31
204838,32
204838,33
204838,34
204838,35
204838,36
204838,37
204838,38
204838,4
204838,5
204838,6
204838,7
204838,8
204838,9
204841,1
204841,10
204841,11
204841,12
204841,13
204841,14
204841,15
204841,16
204841,17
204841,18
204841,19
204841,2
204841,20
204841,21
204841,22
204841,23
204841,24
204841,25
204841,26
204841,27
204841,28
204841,29
204841,3
204841,30
204841,31
204841,32
204841,33
204841,34
204841,35
204841,36
204841,37
204841,38
204841,39
204841,4
204841,40
204841,5
204841,6
204841,7
204841,8
204841,9
204847,1
204847,10
204847,11
204847,12
204847,13
204847,14
204847,15
204847,16
204847,17
204847,18
204847,19
204847,2
204847,20
204847,21
204847,22
204847,23
204847,24
204847,25
204847,26
204847,27
204847,28
204847,29
204847,3
204847,30
204847,31
204847,4
204847,5
204847,6
204847,7
204847,8
204847,9
204850,1
204850,10
204850,11
204850,12
204850,13
204850,14
204850,15
204850,16
204850,17
204850,18
204850,19
204850,2
204850,20
204850,21
204850,22
204850,23
204850,24
204850,25
204850,26
204850,27
204850,28
204850,29
204850,3
204850,30
204850,31
204850,32
204850,33
204850,34
204850,35
204850,36
204850,37
204850,38
204850,39
204850,4
204850,40
204850,5
204850,6
204850,7
204850,8
204850,9
204859,1
204859,10
204859,11
204859,12
204859,13
204859,14
204859,15
204859,16
204859,17
204859,18
204859,19
204859,2
204859,20
204859,21
204859,22
204859,23
204859,24
204859,25
204859,26
204859,27
204859,28
204859,29
204859,3
204859,30
204859,31
204859,32
204859,33
204859,34
204859,35
204859,36
204859,37
204859,38
204859,39
204859,4
204859,40
204859,5
204859,6
204859,7
204859,8
204859,9
204862,1
204862,10
204862,11
204862,12
204862,13
204862,14
204862,15
204862,16
204862,17
204862,18
204862,19
204862,2
204862,20
204862,21
204862,22
204862,23
204862,24
204862,25
204862,26
204862,27
204862,28
204862,29
204862,3
204862,30
204862,31
204862,32
204862,33
204862,34
204862,35
204862,36
204862,37
204862,38
204862,39
204862,4
204862,40
204862,5
204862,6
204862,7
204862,8
204862,9
204885,1
204885,10
204885,11
204885,12
204885,13
204885,14
204885,15
204885,16
204885,17
204885,18
204885,19
204885,2
204885,20
204885,21
204885,22
204885,23
204885,24
204885,25
204885,26
204885,27
204885,28
204885,29
204885,3
204885,30
204885,31
204885,32
204885,33
204885,34
204885,35
204885,36
204885,37
204885,38
204885,4
204885,5
204885,6
204885,7
204885,8
204885,9
204891,1
204891,10
204891,11
204891,12
204891,13
204891,14
204891,15
204891,16
204891,17
204891,18
204891,19
204891,2
204891,20
204891,21
204891,22
204891,23
204891,24
204891,25
204891,26
204891,27
204891,28
204891,29
204891,3
204891,4
204891,5
204891,6
204891,7
204891,8
204891,9
204894,1
204894,10
204894,11
204894,12
204894,13
204894,14
204894,15
204894,16
204894,17
204894,18
204894,19
204894,2
204894,20
204894,21
204894,22
204894,23
204894,24
204894,3
204894,4
204894,5
204894,6
204894,7
204894,8
204894,9
204897,1
204897,10
204897,11
204897,12
204897,13
204897,14
204897,15
204897,16
204897,17
204897,18
204897,19
204897,2
204897,20
204897,21
204897,22
204897,23
204897,24
204897,25
204897,26
204897,27
204897,28
204897,29
204897,3
204897,4
204897,5
204897,6
204897,7
204897,8
204897,9
204906,1
204906,10
204906,11
204906,12
204906,13
204906,14
204906,15
204906,16
204906,17
204906,18
204906,19
204906,2
204906,20
204906,21
204906,22
204906,23
204906,24
204906,25
204906,26
204906,27
204906,28
204906,29
204906,3
204906,30
204906,31
204906,32
204906,33
204906,34
204906,35
204906,36
204906,37
204906,38
204906,4
204906,5
204906,6
204906,7
204906,8
204906,9
204909,1
204909,10
204909,11
204909,12
204909,13
204909,14
204909,15
204909,16
204909,17
204909,18
204909,19
204909,2
204909,20
204909,21
204909,22
204909,23
204909,24
204909,25
204909,26
204909,27
204909,28
204909,29
204909,3
204909,30
204909,31
204909,32
204909,33
204909,4
204909,5
204909,6
204909,7
204909,8
204909,9
204915,1
204915,10
204915,11
204915,12
204915,13
204915,14
204915,15
204915,16
204915,17
204915,18
204915,19
204915,2
204915,20
204915,21
204915,22
204915,23
204915,24
204915,25
204915,26
204915,27
204915,28
204915,29
204915,3
204915,30
204915,31
204915,32
204915,33
204915,34
204915,35
204915,36
204915,37
204915,38
204915,39
204915,4
204915,40
204915,5
204915,6
204915,7
204915,8
204915,9
204924,1
204924,10
204924,11
204924,12
204924,13
204924,14
204924,15
204924,16
204924,17
204924,18
204924,19
204924,2
204924,20
204924,21
204924,22
204924,23
204924,24
204924,25
204924,26
204924,27
204924,28
204924,29
204924,3
204924,30
204924,31
204924,32
204924,33
204924,34
204924,35
204924,36
204924,37
204924,38
204924,39
204924,4
204924,40
204924,5
204924,6
204924,7
204924,8
204924,9
204936,1
204936,10
204936,11
204936,12
204936,13
204936,14
204936,15
204936,16
204936,17
204936,18
204936,19
204936,2
204936,20
204936,21
204936,22
204936,23
204936,24
204936,25
204936,26
204936,27
204936,28
204936,29
204936,3
204936,4
204936,5
204936,6
204936,7
204936,8
204936,9
204963,1
204963,10
204963,11
204963,12
204963,13
204963,14
204963,15
204963,16
204963,17
204963,18
204963,19
204963,2
204963,20
204963,21
204963,22
204963,23
204963,24
204963,25
204963,26
204963,27
204963,28
204963,29
204963,3
204963,30
204963,31
204963,32
204963,33
204963,34
204963,35
204963,36
204963,37
204963,4
204963,5
204963,6
204963,7
204963,8
204963,9
204969,1
204969,10
204969,11
204969,12
204969,13
204969,14
204969,15
204969,16
204969,17
204969,18
204969,19
204969,2
204969,20
204969,21
204969,22
204969,23
204969,24
204969,25
204969,26
204969,27
204969,28
204969,29
204969,3
204969,30
204969,31
204969,32
204969,33
204969,34
204969,35
204969,36
204969,37
204969,38
204969,4
204969,5
204969,6
204969,7
204969,8
204969,9
204981,1
204981,10
204981,11
204981,12
204981,13
204981,14
204981,15
204981,16
204981,17
204981,18
204981,19
204981,2
204981,20
204981,21
204981,22
204981,23
204981,24
204981,25
204981,26
204981,27
204981,28
204981,29
204981,3
204981,30
204981,31
204981,32
204981,33
204981,34
204981,35
204981,36
204981,37
204981,38
204981,4
204981,5
204981,6
204981,7
204981,8
204981,9
204987,1
204987,10
204987,11
204987,12
204987,13
204987,14
204987,15
204987,16
204987,17
204987,18
204987,19
204987,2
204987,20
204987,21
204987,22
204987,3
204987,4
204987,5
204987,6
204987,7
204987,8
204987,9
204993,1
204993,10
204993,11
204993,12
204993,13
204993,14
204993,15
204993,16
204993,17
204993,18
204993,19
204993,2
204993,20
204993,21
204993,22
204993,23
204993,24
204993,25
204993,26
204993,27
204993,28
204993,29
204993,3
204993,30
204993,31
204993,32
204993,33
204993,34
204993,35
204993,36
204993,37
204993,38
204993,39
204993,4
204993,40
204993,5
204993,6
204993,7
204993,8
204993,9
204999,1
204999,10
204999,11
204999,12
204999,13
204999,14
204999,15
204999,16
204999,17
204999,18
204999,19
204999,2
204999,20
204999,21
204999,22
204999,23
204999,24
204999,25
204999,26
204999,27
204999,28
204999,29
204999,3
204999,30
204999,4
204999,5
204999,6
204999,7
204999,8
204999,9
205002,1
205002,10
205002,11
205002,12
205002,13
205002,14
205002,15
205002,16
205002,17
205002,18
205002,19
205002,2
205002,20
205002,21
205002,22
205002,23
205002,24
205002,25
205002,26
205002,27
205002,28
205002,29
205002,3
205002,30
205002,31
205002,32
205002,33
205002,34
205002,35
205002,36
205002,37
205002,38
205002,39
205002,4
205002,5
205002,6
205002,7
205002,8
205002,9
205005,1
205005,10
205005,11
205005,12
205005,13
205005,14
205005,15
205005,16
205005,17
205005,18
205005,19
205005,2
205005,20
205005,21
205005,22
205005,23
205005,24
205005,25
205005,26
205005,27
205005,28
205005,29
205005,3
205005,30
205005,31
205005,32
205005,33
205005,34
205005,35
205005,36
205005,4
205005,5
205005,6
205005,7
205005,8
205005,9
205026,1
205026,10
205026,11
205026,12
205026,13
205026,14
205026,15
205026,16
205026,17
205026,18
205026,19
205026,2
205026,20
205026,21
205026,22
205026,23
205026,24
205026,25
205026,26
205026,27
205026,28
205026,29
205026,3
205026,30
205026,31
205026,4
205026,5
205026,6
205026,7
205026,8
205026,9
205029,1
205029,10
205029,11
205029,12
205029,13
205029,14
205029,15
205029,16
205029,17
205029,18
205029,19
205029,2
205029,20
205029,21
205029,22
205029,23
205029,24
205029,25
205029,26
205029,27
205029,28
205029,29
205029,3
205029,30
205029,31
205029,32
205029,33
205029,34
205029,35
205029,36
205029,37
205029,38
205029,39
205029,4
205029,40
205029,5
205029,6
205029,7
205029,8
205029,9
205035,1
205035,10
205035,11
205035,12
205035,13
205035,14
205035,15
205035,16
205035,17
205035,18
205035,19
205035,2
205035,20
205035,21
205035,22
205035,23
205035,24
205035,25
205035,26
205035,27
205035,3
205035,4
205035,5
205035,6
205035,7
205035,8
205035,9
205041,1
205041,10
205041,11
205041,12
205041,13
205041,14
205041,15
205041,16
205041,17
205041,18
205041,19
205041,2
205041,20
205041,21
205041,22
205041,23
205041,24
205041,25
205041,26
205041,27
205041,28
205041,29
205041,3
205041,30
205041,31
205041,32
205041,33
205041,34
205041,35
205041,36
205041,37
205041,38
205041,39
205041,4
205041,40
205041,5
205041,6
205041,7
205041,8
205041,9
205059,1
205059,10
205059,11
205059,12
205059,13
205059,14
205059,15
205059,16
205059,17
205059,18
205059,19
205059,2
205059,20
205059,21
205059,22
205059,23
205059,24
205059,25
205059,26
205059,27
205059,28
205059,29
205059,3
205059,30
205059,31
205059,32
205059,33
205059,34
205059,35
205059,36
205059,37
205059,38
205059,39
205059,4
205059,40
205059,5
205059,6
205059,7
205059,8
205059,9
205062,1
205062,10
205062,11
205062,12
205062,13
205062,14
205062,15
205062,16
205062,17
205062,18
205062,19
205062,2
205062,20
205062,21
205062,22
205062,23
205062,24
205062,25
205062,26
205062,27
205062,28
205062,29
205062,3
205062,30
205062,31
205062,32
205062,33
205062,34
205062,35
205062,36
205062,37
205062,38
205062,39
205062,4
205062,40
205062,5
205062,6
205062,7
205062,8
205062,9
205065,1
205065,10
205065,11
205065,12
205065,13
205065,14
205065,15
205065,16
205065,17
205065,18
205065,19
205065,2
205065,20
205065,21
205065,22
205065,23
205065,24
205065,25
205065,26
205065,27
205065,28
205065,29
205065,3
205065,30
205065,31
205065,32
205065,33
205065,34
205065,35
205065,36
205065,37
205065,38
205065,39
205065,4
205065,40
205065,5
205065,6
205065,7
205065,8
205065,9
205080,1
205080,10
205080,11
205080,12
205080,13
205080,14
205080,15
205080,16
205080,17
205080,18
205080,19
205080,2
205080,20
205080,21
205080,22
205080,23
205080,24
205080,25
205080,26
205080,27
205080,28
205080,3
205080,4
205080,5
205080,6
205080,7
205080,8
205080,9
205086,1
205086,10
205086,11
205086,12
205086,13
205086,14
205086,15
205086,16
205086,17
205086,18
205086,19
205086,2
205086,3
205086,4
205086,5
205086,6
205086,7
205086,8
205086,9
205104,1
205104,10
205104,11
205104,12
205104,13
205104,14
205104,15
205104,16
205104,2
205104,3
205104,4
205104,5
205104,6
205104,7
205104,8
205104,9
205110,1
205110,10
205110,11
205110,12
205110,13
205110,14
205110,15
205110,16
205110,17
205110,18
205110,19
205110,2
205110,20
205110,21
205110,22
205110,23
205110,24
205110,25
205110,26
205110,27
205110,28
205110,29
205110,3
205110,30
205110,31
205110,32
205110,33
205110,34
205110,35
205110,4
205110,5
205110,6
205110,7
205110,8
205110,9
205122,1
205122,10
205122,11
205122,12
205122,13
205122,14
205122,15
205122,16
205122,17
205122,18
205122,19
205122,2
205122,20
205122,21
205122,22
205122,23
205122,24
205122,25
205122,26
205122,27
205122,28
205122,29
205122,3
205122,30
205122,31
205122,32
205122,33
205122,34
205122,35
205122,36
205122,37
205122,38
205122,39
205122,4
205122,40
205122,5
205122,6
205122,7
205122,8
205122,9
205125,1
205125,10
205125,11
205125,12
205125,13
205125,14
205125,15
205125,16
205125,17
205125,18
205125,19
205125,2
205125,20
205125,21
205125,22
205125,23
205125,24
205125,25
205125,26
205125,27
205125,28
205125,29
205125,3
205125,30
205125,31
205125,32
205125,33
205125,34
205125,35
205125,36
205125,37
205125,38
205125,39
205125,4
205125,40
205125,5
205125,6
205125,7
205125,8
205125,9
205131,1
205131,10
205131,11
205131,12
205131,13
205131,14
205131,15
205131,16
205131,17
205131,18
205131,19
205131,2
205131,20
205131,21
205131,22
205131,23
205131,24
205131,25
205131,26
205131,27
205131,28
205131,29
205131,3
205131,30
205131,31
205131,32
205131,33
205131,34
205131,35
205131,36
205131,37
205131,38
205131,39
205131,4
205131,40
205131,5
205131,6
205131,7
205131,8
205131,9
205143,1
205143,10
205143,11
205143,12
205143,13
205143,14
205143,15
205143,16
205143,17
205143,18
205143,19
205143,2
205143,20
205143,21
205143,22
205143,23
205143,24
205143,25
205143,26
205143,27
205143,28
205143,29
205143,3
205143,30
205143,31
205143,32
205143,33
205143,34
205143,35
205143,36
205143,37
205143,38
205143,39
205143,4
205143,40
205143,5
205143,6
205143,7
205143,8
205143,9
205149,1
205149,10
205149,11
205149,12
205149,13
205149,14
205149,15
205149,16
205149,17
205149,18
205149,19
205149,2
205149,20
205149,21
205149,22
205149,23
205149,24
205149,25
205149,26
205149,27
205149,28
205149,29
205149,3
205149,30
205149,31
205149,32
205149,33
205149,34
205149,35
205149,36
205149,4
205149,5
205149,6
205149,7
205149,8
205149,9
205164,1
205164,10
205164,11
205164,12
205164,13
205164,14
205164,15
205164,16
205164,2
205164,3
205164,4
205164,5
205164,6
205164,7
205164,8
205164,9
205167,1
205167,10
205167,11
205167,12
205167,13
205167,14
205167,15
205167,16
205167,17
205167,18
205167,19
205167,2
205167,20
205167,21
205167,22
205167,23
205167,24
205167,25
205167,26
205167,27
205167,28
205167,29
205167,3
205167,30
205167,31
205167,32
205167,33
205167,34
205167,35
205167,36
205167,37
205167,38
205167,39
205167,4
205167,40
205167,5
205167,6
205167,7
205167,8
205167,9
205170,1
205170,10
205170,11
205170,12
205170,13
205170,14
205170,15
205170,16
205170,17
205170,18
205170,19
205170,2
205170,20
205170,21
205170,22
205170,23
205170,24
205170,25
205170,26
205170,27
205170,28
205170,29
205170,3
205170,30
205170,31
205170,32
205170,33
205170,34
205170,35
205170,36
205170,37
205170,38
205170,39
205170,4
205170,40
205170,5
205170,6
205170,7
205170,8
205170,9
205179,1
205179,10
205179,11
205179,12
205179,13
205179,14
205179,15
205179,16
205179,17
205179,18
205179,19
205179,2
205179,20
205179,21
205179,22
205179,23
205179,24
205179,25
205179,26
205179,27
205179,3
205179,4
205179,5
205179,6
205179,7
205179,8
205179,9
205182,1
205182,10
205182,11
205182,12
205182,13
205182,14
205182,15
205182,16
205182,17
205182,18
205182,19
205182,2
205182,20
205182,21
205182,22
205182,23
205182,24
205182,25
205182,26
205182,27
205182,28
205182,3
205182,4
205182,5
205182,6
205182,7
205182,8
205182,9
205202,1
205202,10
205202,11
205202,12
205202,13
205202,14
205202,15
205202,16
205202,17
205202,18
205202,19
205202,2
205202,20
205202,21
205202,22
205202,23
205202,24
205202,25
205202,26
205202,3
205202,4
205202,5
205202,6
205202,7
205202,8
205202,9
205205,1
205205,10
205205,11
205205,12
205205,13
205205,14
205205,15
205205,16
205205,17
205205,18
205205,2
205205,3
205205,4
205205,5
205205,6
205205,7
205205,8
205205,9
205217,1
205217,10
205217,11
205217,12
205217,13
205217,14
205217,15
205217,16
205217,17
205217,18
205217,19
205217,2
205217,20
205217,21
205217,22
205217,23
205217,24
205217,25
205217,26
205217,27
205217,28
205217,29
205217,3
205217,30
205217,31
205217,32
205217,33
205217,34
205217,35
205217,36
205217,37
205217,38
205217,39
205217,4
205217,40
205217,5
205217,6
205217,7
205217,8
205217,9
205220,1
205220,10
205220,11
205220,12
205220,13
205220,14
205220,15
205220,16
205220,17
205220,18
205220,19
205220,2
205220,20
205220,21
205220,22
205220,23
205220,24
205220,25
205220,26
205220,27
205220,28
205220,29
205220,3
205220,30
205220,31
205220,32
205220,33
205220,34
205220,35
205220,36
205220,37
205220,38
205220,39
205220,4
205220,40
205220,5
205220,6
205220,7
205220,8
205220,9
205226,1
205226,10
205226,11
205226,12
205226,13
205226,14
205226,15
205226,16
205226,17
205226,18
205226,19
205226,2
205226,20
205226,21
205226,22
205226,23
205226,24
205226,25
205226,26
205226,27
205226,28
205226,29
205226,3
205226,30
205226,31
205226,32
205226,33
205226,34
205226,35
205226,36
205226,37
205226,38
205226,39
205226,4
205226,40
205226,5
205226,6
205226,7
205226,8
205226,9
205229,1
205229,10
205229,11
205229,12
205229,13
205229,14
205229,15
205229,16
205229,17
205229,18
205229,19
205229,2
205229,20
205229,21
205229,22
205229,23
205229,24
205229,25
205229,26
205229,27
205229,28
205229,29
205229,3
205229,30
205229,31
205229,32
205229,33
205229,34
205229,35
205229,36
205229,37
205229,38
205229,39
205229,4
205229,40
205229,5
205229,6
205229,7
205229,8
205229,9
205238,1
205238,10
205238,11
205238,12
205238,13
205238,14
205238,15
205238,16
205238,2
205238,3
205238,4
205238,5
205238,6
205238,7
205238,8
205238,9
205247,1
205247,10
205247,11
205247,12
205247,13
205247,14
205247,15
205247,16
205247,17
205247,18
205247,19
205247,2
205247,20
205247,21
205247,22
205247,23
205247,24
205247,25
205247,26
205247,27
205247,28
205247,29
205247,3
205247,30
205247,31
205247,32
205247,33
205247,34
205247,4
205247,5
205247,6
205247,7
205247,8
205247,9
205256,1
205256,10
205256,11
205256,12
205256,13
205256,14
205256,15
205256,16
205256,17
205256,18
205256,19
205256,2
205256,20
205256,21
205256,22
205256,23
205256,24
205256,25
205256,26
205256,27
205256,28
205256,29
205256,3
205256,30
205256,31
205256,32
205256,33
205256,34
205256,35
205256,4
205256,5
205256,6
205256,7
205256,8
205256,9
205259,1
205259,10
205259,11
205259,12
205259,13
205259,14
205259,15
205259,16
205259,17
205259,18
205259,19
205259,2
205259,20
205259,21
205259,22
205259,23
205259,24
205259,25
205259,26
205259,27
205259,28
205259,3
205259,4
205259,5
205259,6
205259,7
205259,8
205259,9
205262,1
205262,10
205262,11
205262,12
205262,13
205262,14
205262,15
205262,16
205262,17
205262,18
205262,19
205262,2
205262,20
205262,21
205262,22
205262,23
205262,24
205262,25
205262,26
205262,27
205262,28
205262,29
205262,3
205262,30
205262,31
205262,32
205262,33
205262,34
205262,35
205262,36
205262,37
205262,38
205262,39
205262,4
205262,40
205262,5
205262,6
205262,7
205262,8
205262,9
205268,1
205268,10
205268,11
205268,12
205268,13
205268,14
205268,15
205268,16
205268,17
205268,18
205268,19
205268,2
205268,20
205268,21
205268,22
205268,23
205268,24
205268,25
205268,26
205268,3
205268,4
205268,5
205268,6
205268,7
205268,8
205268,9
205274,1
205274,10
205274,11
205274,12
205274,13
205274,14
205274,15
205274,16
205274,17
205274,18
205274,19
205274,2
205274,20
205274,21
205274,22
205274,23
205274,3
205274,4
205274,5
205274,6
205274,7
205274,8
205274,9
205295,1
205295,10
205295,11
205295,12
205295,13
205295,14
205295,15
205295,16
205295,17
205295,18
205295,19
205295,2
205295,20
205295,21
205295,22
205295,23
205295,24
205295,25
205295,26
205295,27
205295,28
205295,29
205295,3
205295,4
205295,5
205295,6
205295,7
205295,8
205295,9
205298,1
205298,10
205298,11
205298,12
205298,13
205298,14
205298,15
205298,16
205298,17
205298,18
205298,19
205298,2
205298,20
205298,21
205298,22
205298,23
205298,24
205298,25
205298,26
205298,3
205298,4
205298,5
205298,6
205298,7
205298,8
205298,9
205310,1
205310,10
205310,11
205310,12
205310,13
205310,14
205310,15
205310,16
205310,17
205310,18
205310,19
205310,2
205310,20
205310,21
205310,22
205310,23
205310,24
205310,25
205310,26
205310,27
205310,28
205310,29
205310,3
205310,30
205310,31
205310,32
205310,33
205310,34
205310,35
205310,36
205310,37
205310,38
205310,39
205310,4
205310,40
205310,5
205310,6
205310,7
205310,8
205310,9
205313,1
205313,10
205313,11
205313,12
205313,13
205313,14
205313,15
205313,16
205313,17
205313,18
205313,19
205313,2
205313,20
205313,21
205313,22
205313,23
205313,24
205313,25
205313,26
205313,27
205313,28
205313,29
205313,3
205313,30
205313,31
205313,32
205313,33
205313,34
205313,35
205313,36
205313,37
205313,38
205313,39
205313,4
205313,40
205313,5
205313,6
205313,7
205313,8
205313,9
205316,1
205316,10
205316,11
205316,12
205316,13
205316,14
205316,15
205316,16
205316,17
205316,18
205316,19
205316,2
205316,20
205316,21
205316,22
205316,23
205316,24
205316,25
205316,3
205316,4
205316,5
205316,6
205316,7
205316,8
205316,9
205319,1
205319,10
205319,11
205319,12
205319,13
205319,14
205319,15
205319,16
205319,17
205319,18
205319,19
205319,2
205319,20
205319,21
205319,22
205319,23
205319,24
205319,25
205319,26
205319,27
205319,28
205319,29
205319,3
205319,30
205319,31
205319,32
205319,33
205319,34
205319,35
205319,36
205319,37
205319,4
205319,5
205319,6
205319,7
205319,8
205319,9
205322,1
205322,10
205322,11
205322,12
205322,13
205322,14
205322,15
205322,16
205322,17
205322,18
205322,19
205322,2
205322,20
205322,21
205322,22
205322,23
205322,24
205322,25
205322,26
205322,27
205322,28
205322,29
205322,3
205322,30
205322,4
205322,5
205322,6
205322,7
205322,8
205322,9
205340,1
205340,10
205340,11
205340,12
205340,13
205340,14
205340,15
205340,16
205340,17
205340,18
205340,19
205340,2
205340,20
205340,21
205340,22
205340,23
205340,24
205340,25
205340,26
205340,27
205340,28
205340,29
205340,3
205340,30
205340,31
205340,32
205340,33
205340,34
205340,35
205340,36
205340,37
205340,38
205340,39
205340,4
205340,40
205340,5
205340,6
205340,7
205340,8
205340,9
205343,1
205343,10
205343,11
205343,12
205343,13
205343,14
205343,15
205343,16
205343,17
205343,18
205343,19
205343,2
205343,20
205343,21
205343,22
205343,23
205343,3
205343,4
205343,5
205343,6
205343,7
205343,8
205343,9
205349,1
205349,10
205349,11
205349,12
205349,13
205349,14
205349,15
205349,16
205349,17
205349,18
205349,19
205349,2
205349,20
205349,21
205349,22
205349,23
205349,24
205349,25
205349,26
205349,27
205349,28
205349,29
205349,3
205349,30
205349,31
205349,32
205349,33
205349,34
205349,35
205349,36
205349,37
205349,38
205349,39
205349,4
205349,40
205349,5
205349,6
205349,7
205349,8
205349,9
205358,1
205358,10
205358,11
205358,12
205358,13
205358,14
205358,15
205358,16
205358,17
205358,18
205358,19
205358,2
205358,20
205358,21
205358,22
205358,23
205358,24
205358,25
205358,26
205358,27
205358,28
205358,29
205358,3
205358,30
205358,31
205358,32
205358,33
205358,34
205358,35
205358,36
205358,37
205358,38
205358,39
205358,4
205358,40
205358,5
205358,6
205358,7
205358,8
205358,9
205361,1
205361,10
205361,11
205361,12
205361,13
205361,14
205361,15
205361,16
205361,17
205361,18
205361,19
205361,2
205361,20
205361,21
205361,22
205361,23
205361,24
205361,25
205361,26
205361,27
205361,28
205361,29
205361,3
205361,30
205361,31
205361,4
205361,5
205361,6
205361,7
205361,8
205361,9
205364,1
205364,10
205364,11
205364,12
205364,13
205364,14
205364,15
205364,16
205364,17
205364,18
205364,19
205364,2
205364,20
205364,21
205364,22
205364,23
205364,24
205364,25
205364,26
205364,27
205364,28
205364,29
205364,3
205364,30
205364,31
205364,32
205364,33
205364,34
205364,35
205364,36
205364,37
205364,38
205364,39
205364,4
205364,40
205364,5
205364,6
205364,7
205364,8
205364,9
205367,1
205367,10
205367,11
205367,12
205367,13
205367,14
205367,15
205367,16
205367,17
205367,18
205367,19
205367,2
205367,20
205367,21
205367,22
205367,23
205367,24
205367,25
205367,26
205367,27
205367,28
205367,29
205367,3
205367,30
205367,31
205367,32
205367,33
205367,34
205367,35
205367,36
205367,37
205367,38
205367,39
205367,4
205367,40
205367,5
205367,6
205367,7
205367,8
205367,9
205370,1
205370,10
205370,11
205370,12
205370,13
205370,14
205370,15
205370,16
205370,17
205370,18
205370,19
205370,2
205370,20
205370,21
205370,22
205370,23
205370,24
205370,25
205370,26
205370,27
205370,28
205370,29
205370,3
205370,4
205370,5
205370,6
205370,7
205370,8
205370,9
205379,1
205379,10
205379,11
205379,12
205379,13
205379,14
205379,15
205379,16
205379,17
205379,18
205379,19
205379,2
205379,20
205379,21
205379,22
205379,23
205379,24
205379,25
205379,26
205379,27
205379,28
205379,29
205379,3
205379,30
205379,31
205379,32
205379,4
205379,5
205379,6
205379,7
205379,8
205379,9
205382,1
205382,10
205382,11
205382,12
205382,13
205382,14
205382,15
205382,16
205382,17
205382,18
205382,19
205382,2
205382,3
205382,4
205382,5
205382,6
205382,7
205382,8
205382,9
205385,1
205385,10
205385,11
205385,12
205385,13
205385,14
205385,15
205385,16
205385,17
205385,18
205385,19
205385,2
205385,20
205385,21
205385,22
205385,23
205385,24
205385,25
205385,26
205385,27
205385,28
205385,29
205385,3
205385,30
205385,31
205385,32
205385,33
205385,34
205385,35
205385,36
205385,37
205385,38
205385,39
205385,4
205385,40
205385,5
205385,6
205385,7
205385,8
205385,9
205388,1
205388,10
205388,11
205388,12
205388,13
205388,14
205388,15
205388,16
205388,17
205388,18
205388,19
205388,2
205388,20
205388,21
205388,22
205388,23
205388,24
205388,25
205388,26
205388,27
205388,28
205388,29
205388,3
205388,30
205388,31
205388,32
205388,33
205388,4
205388,5
205388,6
205388,7
205388,8
205388,9
205397,1
205397,10
205397,11
205397,12
205397,13
205397,14
205397,15
205397,16
205397,17
205397,18
205397,19
205397,2
205397,20
205397,21
205397,22
205397,23
205397,24
205397,25
205397,26
205397,3
205397,4
205397,5
205397,6
205397,7
205397,8
205397,9
205400,1
205400,10
205400,11
205400,12
205400,13
205400,14
205400,15
205400,16
205400,17
205400,18
205400,19
205400,2
205400,20
205400,21
205400,3
205400,4
205400,5
205400,6
205400,7
205400,8
205400,9
205403,1
205403,10
205403,11
205403,12
205403,13
205403,14
205403,15
205403,16
205403,17
205403,18
205403,19
205403,2
205403,20
205403,21
205403,22
205403,23
205403,24
205403,25
205403,26
205403,27
205403,28
205403,29
205403,3
205403,30
205403,4
205403,5
205403,6
205403,7
205403,8
205403,9
205409,1
205409,10
205409,11
205409,12
205409,13
205409,14
205409,15
205409,16
205409,17
205409,18
205409,19
205409,2
205409,20
205409,21
205409,22
205409,23
205409,24
205409,25
205409,26
205409,27
205409,28
205409,29
205409,3
205409,30
205409,31
205409,32
205409,33
205409,4
205409,5
205409,6
205409,7
205409,8
205409,9
205415,1
205415,10
205415,11
205415,12
205415,13
205415,14
205415,15
205415,16
205415,17
205415,18
205415,19
205415,2
205415,20
205415,21
205415,22
205415,23
205415,24
205415,25
205415,26
205415,27
205415,28
205415,29
205415,3
205415,30
205415,31
205415,32
205415,33
205415,34
205415,4
205415,5
205415,6
205415,7
205415,8
205415,9
205418,1
205418,10
205418,11
205418,12
205418,13
205418,14
205418,15
205418,16
205418,17
205418,18
205418,19
205418,2
205418,20
205418,21
205418,22
205418,23
205418,24
205418,25
205418,26
205418,27
205418,28
205418,29
205418,3
205418,30
205418,31
205418,32
205418,33
205418,34
205418,35
205418,36
205418,37
205418,38
205418,39
205418,4
205418,5
205418,6
205418,7
205418,8
205418,9
205421,1
205421,10
205421,11
205421,12
205421,13
205421,14
205421,15
205421,16
205421,17
205421,18
205421,19
205421,2
205421,20
205421,21
205421,22
205421,23
205421,24
205421,3
205421,4
205421,5
205421,6
205421,7
205421,8
205421,9
205424,1
205424,10
205424,11
205424,12
205424,13
205424,14
205424,15
205424,16
205424,17
205424,18
205424,19
205424,2
205424,20
205424,21
205424,22
205424,23
205424,24
205424,25
205424,26
205424,27
205424,28
205424,29
205424,3
205424,30
205424,31
205424,32
205424,33
205424,34
205424,35
205424,36
205424,37
205424,38
205424,39
205424,4
205424,40
205424,5
205424,6
205424,7
205424,8
205424,9
205433,1
205433,10
205433,11
205433,12
205433,13
205433,14
205433,15
205433,16
205433,17
205433,18
205433,19
205433,2
205433,20
205433,21
205433,22
205433,23
205433,24
205433,25
205433,26
205433,27
205433,28
205433,3
205433,4
205433,5
205433,6
205433,7
205433,8
205433,9
205459,1
205459,10
205459,11
205459,12
205459,13
205459,14
205459,15
205459,16
205459,17
205459,18
205459,19
205459,2
205459,20
205459,21
205459,22
205459,23
205459,24
205459,25
205459,26
205459,27
205459,28
205459,29
205459,3
205459,30
205459,31
205459,32
205459,33
205459,34
205459,35
205459,36
205459,37
205459,38
205459,39
205459,4
205459,40
205459,5
205459,6
205459,7
205459,8
205459,9
205465,1
205465,10
205465,11
205465,12
205465,13
205465,14
205465,15
205465,16
205465,17
205465,18
205465,19
205465,2
205465,20
205465,21
205465,22
205465,23
205465,24
205465,25
205465,26
205465,27
205465,28
205465,29
205465,3
205465,30
205465,31
205465,32
205465,33
205465,34
205465,35
205465,36
205465,37
205465,38
205465,39
205465,4
205465,40
205465,5
205465,6
205465,7
205465,8
205465,9
205468,1
205468,10
205468,11
205468,12
205468,13
205468,14
205468,15
205468,16
205468,17
205468,18
205468,19
205468,2
205468,20
205468,21
205468,22
205468,23
205468,24
205468,25
205468,26
205468,27
205468,28
205468,29
205468,3
205468,30
205468,31
205468,32
205468,33
205468,34
205468,35
205468,36
205468,37
205468,38
205468,39
205468,4
205468,40
205468,5
205468,6
205468,7
205468,8
205468,9
205474,1
205474,10
205474,11
205474,12
205474,13
205474,14
205474,15
205474,16
205474,17
205474,2
205474,3
205474,4
205474,5
205474,6
205474,7
205474,8
205474,9
205480,1
205480,10
205480,11
205480,12
205480,13
205480,14
205480,15
205480,16
205480,17
205480,18
205480,2
205480,3
205480,4
205480,5
205480,6
205480,7
205480,8
205480,9
205499,1
205499,10
205499,11
205499,12
205499,13
205499,14
205499,15
205499,16
205499,17
205499,18
205499,19
205499,2
205499,20
205499,21
205499,22
205499,23
205499,24
205499,25
205499,3
205499,4
205499,5
205499,6
205499,7
205499,8
205499,9
205508,1
205508,10
205508,11
205508,12
205508,13
205508,14
205508,15
205508,16
205508,17
205508,18
205508,19
205508,2
205508,20
205508,21
205508,22
205508,23
205508,24
205508,25
205508,26
205508,27
205508,28
205508,29
205508,3
205508,30
205508,31
205508,32
205508,33
205508,34
205508,35
205508,36
205508,37
205508,38
205508,39
205508,4
205508,40
205508,5
205508,6
205508,7
205508,8
205508,9
205511,1
205511,10
205511,11
205511,12
205511,13
205511,14
205511,15
205511,16
205511,17
205511,18
205511,19
205511,2
205511,20
205511,21
205511,22
205511,23
205511,24
205511,25
205511,26
205511,27
205511,28
205511,29
205511,3
205511,30
205511,31
205511,32
205511,33
205511,34
205511,35
205511,36
205511,37
205511,38
205511,39
205511,4
205511,40
205511,5
205511,6
205511,7
205511,8
205511,9
205514,1
205514,10
205514,11
205514,12
205514,13
205514,14
205514,15
205514,16
205514,17
205514,18
205514,19
205514,2
205514,20
205514,3
205514,4
205514,5
205514,6
205514,7
205514,8
205514,9
205517,1
205517,10
205517,11
205517,12
205517,13
205517,14
205517,15
205517,16
205517,17
205517,18
205517,19
205517,2
205517,20
205517,21
205517,22
205517,23
205517,24
205517,25
205517,26
205517,27
205517,28
205517,3
205517,4
205517,5
205517,6
205517,7
205517,8
205517,9
205532,1
205532,10
205532,11
205532,12
205532,13
205532,14
205532,15
205532,16
205532,17
205532,18
205532,19
205532,2
205532,20
205532,21
205532,22
205532,23
205532,24
205532,25
205532,26
205532,27
205532,28
205532,29
205532,3
205532,30
205532,31
205532,32
205532,33
205532,34
205532,35
205532,36
205532,37
205532,38
205532,39
205532,4
205532,40
205532,5
205532,6
205532,7
205532,8
205532,9
205535,1
205535,10
205535,11
205535,12
205535,13
205535,14
205535,15
205535,16
205535,17
205535,18
205535,19
205535,2
205535,20
205535,21
205535,22
205535,23
205535,24
205535,25
205535,26
205535,27
205535,28
205535,29
205535,3
205535,30
205535,31
205535,32
205535,33
205535,34
205535,35
205535,36
205535,37
205535,38
205535,39
205535,4
205535,40
205535,5
205535,6
205535,7
205535,8
205535,9
205553,1
205553,10
205553,11
205553,12
205553,13
205553,14
205553,15
205553,16
205553,17
205553,18
205553,19
205553,2
205553,20
205553,21
205553,22
205553,23
205553,24
205553,25
205553,26
205553,27
205553,28
205553,29
205553,3
205553,30
205553,31
205553,32
205553,33
205553,34
205553,35
205553,36
205553,37
205553,38
205553,39
205553,4
205553,40
205553,5
205553,6
205553,7
205553,8
205553,9
205556,1
205556,10
205556,11
205556,12
205556,13
205556,14
205556,15
205556,16
205556,17
205556,18
205556,19
205556,2
205556,20
205556,21
205556,22
205556,23
205556,24
205556,25
205556,26
205556,27
205556,28
205556,29
205556,3
205556,30
205556,31
205556,32
205556,33
205556,34
205556,35
205556,36
205556,37
205556,38
205556,39
205556,4
205556,40
205556,5
205556,6
205556,7
205556,8
205556,9
205562,1
205562,10
205562,11
205562,12
205562,13
205562,14
205562,15
205562,16
205562,17
205562,18
205562,19
205562,2
205562,20
205562,21
205562,22
205562,23
205562,24
205562,25
205562,26
205562,27
205562,28
205562,29
205562,3
205562,30
205562,31
205562,32
205562,33
205562,34
205562,35
205562,36
205562,37
205562,38
205562,39
205562,4
205562,40
205562,5
205562,6
205562,7
205562,8
205562,9
205565,1
205565,10
205565,11
205565,12
205565,13
205565,14
205565,15
205565,16
205565,17
205565,18
205565,19
205565,2
205565,20
205565,21
205565,22
205565,23
205565,24
205565,25
205565,26
205565,3
205565,4
205565,5
205565,6
205565,7
205565,8
205565,9
205568,1
205568,10
205568,11
205568,12
205568,13
205568,14
205568,15
205568,16
205568,17
205568,18
205568,19
205568,2
205568,20
205568,21
205568,22
205568,23
205568,24
205568,25
205568,26
205568,27
205568,28
205568,29
205568,3
205568,30
205568,31
205568,32
205568,33
205568,34
205568,35
205568,36
205568,37
205568,38
205568,39
205568,4
205568,40
205568,5
205568,6
205568,7
205568,8
205568,9
205583,1
205583,10
205583,11
205583,12
205583,13
205583,14
205583,15
205583,16
205583,17
205583,18
205583,19
205583,2
205583,20
205583,21
205583,22
205583,23
205583,24
205583,25
205583,26
205583,27
205583,28
205583,29
205583,3
205583,30
205583,31
205583,32
205583,33
205583,34
205583,35
205583,36
205583,37
205583,38
205583,39
205583,4
205583,40
205583,5
205583,6
205583,7
205583,8
205583,9
205586,1
205586,10
205586,11
205586,12
205586,13
205586,14
205586,15
205586,16
205586,17
205586,18
205586,19
205586,2
205586,20
205586,21
205586,22
205586,23
205586,24
205586,25
205586,26
205586,27
205586,3
205586,4
205586,5
205586,6
205586,7
205586,8
205586,9
205598,1
205598,10
205598,11
205598,12
205598,13
205598,14
205598,15
205598,16
205598,17
205598,18
205598,19
205598,2
205598,20
205598,21
205598,22
205598,23
205598,24
205598,25
205598,26
205598,27
205598,28
205598,29
205598,3
205598,30
205598,31
205598,32
205598,33
205598,34
205598,35
205598,36
205598,37
205598,38
205598,39
205598,4
205598,40
205598,5
205598,6
205598,7
205598,8
205598,9
205601,1
205601,10
205601,11
205601,12
205601,13
205601,14
205601,15
205601,16
205601,17
205601,18
205601,19
205601,2
205601,20
205601,21
205601,22
205601,23
205601,24
205601,25
205601,26
205601,27
205601,28
205601,29
205601,3
205601,30
205601,31
205601,32
205601,33
205601,34
205601,35
205601,36
205601,37
205601,38
205601,39
205601,4
205601,40
205601,5
205601,6
205601,7
205601,8
205601,9
205640,1
205640,10
205640,11
205640,12
205640,13
205640,14
205640,15
205640,16
205640,17
205640,18
205640,19
205640,2
205640,20
205640,21
205640,22
205640,23
205640,24
205640,25
205640,26
205640,27
205640,28
205640,29
205640,3
205640,30
205640,31
205640,32
205640,33
205640,34
205640,35
205640,36
205640,37
205640,38
205640,39
205640,4
205640,40
205640,5
205640,6
205640,7
205640,8
205640,9
205643,1
205643,10
205643,11
205643,12
205643,13
205643,14
205643,15
205643,16
205643,17
205643,18
205643,19
205643,2
205643,20
205643,21
205643,22
205643,23
205643,24
205643,25
205643,26
205643,27
205643,28
205643,29
205643,3
205643,30
205643,31
205643,32
205643,33
205643,34
205643,35
205643,4
205643,5
205643,6
205643,7
205643,8
205643,9
205649,1
205649,10
205649,11
205649,12
205649,13
205649,14
205649,15
205649,16
205649,17
205649,18
205649,19
205649,2
205649,20
205649,21
205649,22
205649,23
205649,24
205649,25
205649,26
205649,27
205649,28
205649,29
205649,3
205649,30
205649,31
205649,32
205649,33
205649,34
205649,35
205649,36
205649,37
205649,38
205649,39
205649,4
205649,40
205649,5
205649,6
205649,7
205649,8
205649,9
205655,1
205655,10
205655,11
205655,12
205655,13
205655,14
205655,15
205655,16
205655,17
205655,18
205655,19
205655,2
205655,20
205655,21
205655,22
205655,23
205655,24
205655,25
205655,26
205655,27
205655,28
205655,29
205655,3
205655,30
205655,31
205655,32
205655,33
205655,34
205655,35
205655,36
205655,37
205655,38
205655,39
205655,4
205655,40
205655,5
205655,6
205655,7
205655,8
205655,9
205661,1
205661,10
205661,11
205661,12
205661,13
205661,14
205661,15
205661,16
205661,17
205661,18
205661,19
205661,2
205661,20
205661,21
205661,22
205661,23
205661,24
205661,25
205661,26
205661,27
205661,28
205661,29
205661,3
205661,30
205661,31
205661,32
205661,33
205661,34
205661,35
205661,36
205661,37
205661,38
205661,39
205661,4
205661,40
205661,5
205661,6
205661,7
205661,8
205661,9
205676,1
205676,10
205676,11
205676,12
205676,13
205676,14
205676,15
205676,16
205676,17
205676,18
205676,19
205676,2
205676,20
205676,21
205676,22
205676,23
205676,24
205676,25
205676,26
205676,27
205676,28
205676,29
205676,3
205676,30
205676,31
205676,32
205676,33
205676,34
205676,35
205676,36
205676,37
205676,38
205676,39
205676,4
205676,5
205676,6
205676,7
205676,8
205676,9
205679,1
205679,10
205679,11
205679,12
205679,13
205679,14
205679,15
205679,16
205679,17
205679,18
205679,19
205679,2
205679,20
205679,21
205679,22
205679,23
205679,24
205679,25
205679,26
205679,27
205679,28
205679,29
205679,3
205679,30
205679,31
205679,32
205679,33
205679,34
205679,35
205679,36
205679,37
205679,38
205679,39
205679,4
205679,40
205679,5
205679,6
205679,7
205679,8
205679,9
205715,1
205715,10
205715,11
205715,12
205715,13
205715,14
205715,15
205715,16
205715,17
205715,18
205715,19
205715,2
205715,20
205715,21
205715,22
205715,23
205715,24
205715,25
205715,26
205715,27
205715,28
205715,29
205715,3
205715,30
205715,31
205715,32
205715,33
205715,34
205715,35
205715,36
205715,37
205715,38
205715,39
205715,4
205715,40
205715,5
205715,6
205715,7
205715,8
205715,9
205721,1
205721,10
205721,11
205721,12
205721,13
205721,14
205721,15
205721,16
205721,17
205721,18
205721,19
205721,2
205721,20
205721,21
205721,22
205721,23
205721,24
205721,25
205721,26
205721,27
205721,28
205721,29
205721,3
205721,30
205721,31
205721,32
205721,33
205721,34
205721,35
205721,36
205721,37
205721,4
205721,5
205721,6
205721,7
205721,8
205721,9
205724,1
205724,10
205724,11
205724,12
205724,13
205724,14
205724,15
205724,16
205724,17
205724,18
205724,19
205724,2
205724,20
205724,21
205724,22
205724,23
205724,24
205724,25
205724,26
205724,27
205724,28
205724,29
205724,3
205724,30
205724,31
205724,32
205724,33
205724,34
205724,35
205724,36
205724,37
205724,38
205724,39
205724,4
205724,40
205724,5
205724,6
205724,7
205724,8
205724,9
205727,1
205727,10
205727,11
205727,12
205727,13
205727,14
205727,15
205727,16
205727,17
205727,18
205727,19
205727,2
205727,20
205727,3
205727,4
205727,5
205727,6
205727,7
205727,8
205727,9
205733,1
205733,10
205733,11
205733,12
205733,13
205733,14
205733,15
205733,16
205733,17
205733,18
205733,19
205733,2
205733,20
205733,21
205733,22
205733,23
205733,24
205733,25
205733,26
205733,27
205733,28
205733,29
205733,3
205733,30
205733,31
205733,32
205733,33
205733,34
205733,35
205733,36
205733,37
205733,38
205733,39
205733,4
205733,40
205733,5
205733,6
205733,7
205733,8
205733,9
205736,1
205736,10
205736,11
205736,12
205736,13
205736,14
205736,15
205736,16
205736,17
205736,18
205736,19
205736,2
205736,20
205736,21
205736,22
205736,23
205736,24
205736,25
205736,26
205736,27
205736,28
205736,3
205736,4
205736,5
205736,6
205736,7
205736,8
205736,9
205742,1
205742,10
205742,11
205742,12
205742,13
205742,14
205742,15
205742,16
205742,17
205742,18
205742,19
205742,2
205742,20
205742,21
205742,22
205742,23
205742,24
205742,25
205742,26
205742,27
205742,28
205742,29
205742,3
205742,30
205742,31
205742,32
205742,33
205742,34
205742,35
205742,36
205742,37
205742,38
205742,39
205742,4
205742,40
205742,5
205742,6
205742,7
205742,8
205742,9
205745,1
205745,10
205745,11
205745,12
205745,13
205745,14
205745,15
205745,16
205745,17
205745,18
205745,19
205745,2
205745,20
205745,21
205745,22
205745,23
205745,24
205745,25
205745,26
205745,27
205745,28
205745,29
205745,3
205745,30
205745,31
205745,32
205745,33
205745,34
205745,35
205745,36
205745,4
205745,5
205745,6
205745,7
205745,8
205745,9
205754,1
205754,10
205754,11
205754,12
205754,13
205754,14
205754,15
205754,16
205754,17
205754,18
205754,19
205754,2
205754,20
205754,21
205754,22
205754,23
205754,24
205754,25
205754,26
205754,27
205754,28
205754,29
205754,3
205754,30
205754,31
205754,32
205754,33
205754,4
205754,5
205754,6
205754,7
205754,8
205754,9
205757,1
205757,10
205757,11
205757,12
205757,13
205757,14
205757,15
205757,16
205757,17
205757,18
205757,19
205757,2
205757,20
205757,21
205757,22
205757,23
205757,24
205757,25
205757,26
205757,27
205757,28
205757,29
205757,3
205757,30
205757,31
205757,32
205757,33
205757,34
205757,35
205757,4
205757,5
205757,6
205757,7
205757,8
205757,9
205760,1
205760,10
205760,11
205760,12
205760,13
205760,14
205760,15
205760,16
205760,17
205760,18
205760,19
205760,2
205760,20
205760,21
205760,22
205760,23
205760,24
205760,25
205760,26
205760,27
205760,28
205760,29
205760,3
205760,30
205760,31
205760,32
205760,33
205760,34
205760,35
205760,36
205760,37
205760,38
205760,39
205760,4
205760,40
205760,5
205760,6
205760,7
205760,8
205760,9
205766,1
205766,10
205766,11
205766,12
205766,13
205766,14
205766,15
205766,16
205766,17
205766,18
205766,19
205766,2
205766,20
205766,21
205766,22
205766,23
205766,24
205766,25
205766,26
205766,27
205766,28
205766,29
205766,3
205766,30
205766,31
205766,32
205766,33
205766,34
205766,35
205766,36
205766,37
205766,38
205766,39
205766,4
205766,40
205766,5
205766,6
205766,7
205766,8
205766,9
205779,1
205779,10
205779,11
205779,12
205779,13
205779,14
205779,15
205779,16
205779,17
205779,18
205779,19
205779,2
205779,20
205779,21
205779,22
205779,23
205779,24
205779,25
205779,26
205779,27
205779,28
205779,29
205779,3
205779,30
205779,4
205779,5
205779,6
205779,7
205779,8
205779,9
205782,1
205782,10
205782,11
205782,12
205782,13
205782,14
205782,15
205782,16
205782,17
205782,18
205782,19
205782,2
205782,20
205782,21
205782,22
205782,23
205782,24
205782,25
205782,26
205782,27
205782,28
205782,29
205782,3
205782,30
205782,31
205782,32
205782,33
205782,34
205782,35
205782,36
205782,37
205782,38
205782,39
205782,4
205782,40
205782,5
205782,6
205782,7
205782,8
205782,9
205791,1
205791,10
205791,11
205791,12
205791,13
205791,14
205791,15
205791,16
205791,17
205791,18
205791,19
205791,2
205791,20
205791,21
205791,22
205791,23
205791,24
205791,25
205791,26
205791,27
205791,28
205791,29
205791,3
205791,30
205791,31
205791,32
205791,4
205791,5
205791,6
205791,7
205791,8
205791,9
205794,1
205794,10
205794,11
205794,12
205794,13
205794,14
205794,15
205794,16
205794,17
205794,18
205794,19
205794,2
205794,20
205794,21
205794,22
205794,23
205794,24
205794,25
205794,26
205794,27
205794,28
205794,29
205794,3
205794,30
205794,31
205794,32
205794,33
205794,34
205794,35
205794,36
205794,37
205794,38
205794,39
205794,4
205794,40
205794,5
205794,6
205794,7
205794,8
205794,9
205797,1
205797,10
205797,11
205797,12
205797,13
205797,14
205797,15
205797,16
205797,17
205797,18
205797,19
205797,2
205797,20
205797,21
205797,22
205797,23
205797,24
205797,25
205797,26
205797,27
205797,28
205797,29
205797,3
205797,30
205797,31
205797,32
205797,33
205797,34
205797,35
205797,36
205797,37
205797,38
205797,39
205797,4
205797,40
205797,5
205797,6
205797,7
205797,8
205797,9
205803,1
205803,10
205803,11
205803,12
205803,13
205803,14
205803,15
205803,16
205803,17
205803,18
205803,19
205803,2
205803,20
205803,21
205803,22
205803,23
205803,24
205803,25
205803,26
205803,27
205803,28
205803,29
205803,3
205803,30
205803,31
205803,32
205803,33
205803,34
205803,4
205803,5
205803,6
205803,7
205803,8
205803,9
205819,1
205819,10
205819,11
205819,12
205819,13
205819,14
205819,15
205819,16
205819,17
205819,18
205819,19
205819,2
205819,20
205819,21
205819,22
205819,23
205819,24
205819,25
205819,26
205819,3
205819,4
205819,5
205819,6
205819,7
205819,8
205819,9
205831,1
205831,10
205831,11
205831,12
205831,13
205831,14
205831,15
205831,16
205831,17
205831,18
205831,19
205831,2
205831,20
205831,21
205831,22
205831,23
205831,24
205831,25
205831,26
205831,27
205831,28
205831,29
205831,3
205831,30
205831,4
205831,5
205831,6
205831,7
205831,8
205831,9
205837,1
205837,10
205837,11
205837,12
205837,13
205837,14
205837,15
205837,16
205837,17
205837,18
205837,19
205837,2
205837,20
205837,21
205837,22
205837,23
205837,24
205837,25
205837,26
205837,27
205837,28
205837,29
205837,3
205837,4
205837,5
205837,6
205837,7
205837,8
205837,9
205843,1
205843,10
205843,11
205843,12
205843,13
205843,14
205843,15
205843,16
205843,17
205843,18
205843,19
205843,2
205843,20
205843,21
205843,22
205843,23
205843,24
205843,25
205843,26
205843,27
205843,28
205843,29
205843,3
205843,30
205843,31
205843,32
205843,33
205843,34
205843,35
205843,4
205843,5
205843,6
205843,7
205843,8
205843,9
205846,1
205846,10
205846,11
205846,12
205846,13
205846,14
205846,15
205846,16
205846,17
205846,18
205846,19
205846,2
205846,20
205846,21
205846,22
205846,23
205846,24
205846,25
205846,26
205846,27
205846,28
205846,29
205846,3
205846,30
205846,31
205846,32
205846,33
205846,34
205846,35
205846,36
205846,37
205846,38
205846,39
205846,4
205846,40
205846,5
205846,6
205846,7
205846,8
205846,9
205849,1
205849,10
205849,11
205849,12
205849,13
205849,14
205849,15
205849,16
205849,17
205849,18
205849,19
205849,2
205849,20
205849,21
205849,22
205849,23
205849,24
205849,25
205849,26
205849,27
205849,28
205849,29
205849,3
205849,30
205849,31
205849,32
205849,33
205849,34
205849,35
205849,36
205849,37
205849,38
205849,39
205849,4
205849,40
205849,5
205849,6
205849,7
205849,8
205849,9
205864,1
205864,10
205864,11
205864,12
205864,13
205864,14
205864,15
205864,16
205864,17
205864,18
205864,19
205864,2
205864,20
205864,21
205864,22
205864,23
205864,24
205864,25
205864,26
205864,27
205864,28
205864,29
205864,3
205864,30
205864,31
205864,32
205864,33
205864,34
205864,35
205864,36
205864,37
205864,38
205864,39
205864,4
205864,40
205864,5
205864,6
205864,7
205864,8
205864,9
205867,1
205867,10
205867,11
205867,12
205867,13
205867,14
205867,15
205867,16
205867,17
205867,18
205867,19
205867,2
205867,20
205867,21
205867,22
205867,23
205867,24
205867,3
205867,4
205867,5
205867,6
205867,7
205867,8
205867,9
205873,1
205873,10
205873,11
205873,12
205873,13
205873,14
205873,15
205873,16
205873,17
205873,18
205873,19
205873,2
205873,20
205873,21
205873,22
205873,23
205873,24
205873,25
205873,26
205873,27
205873,28
205873,29
205873,3
205873,30
205873,31
205873,32
205873,33
205873,34
205873,35
205873,36
205873,37
205873,38
205873,39
205873,4
205873,40
205873,5
205873,6
205873,7
205873,8
205873,9
205876,1
205876,10
205876,11
205876,12
205876,13
205876,14
205876,15
205876,16
205876,17
205876,18
205876,19
205876,2
205876,20
205876,21
205876,22
205876,23
205876,24
205876,25
205876,26
205876,27
205876,28
205876,29
205876,3
205876,30
205876,31
205876,32
205876,33
205876,34
205876,35
205876,4
205876,5
205876,6
205876,7
205876,8
205876,9
205882,1
205882,10
205882,11
205882,12
205882,13
205882,14
205882,15
205882,16
205882,17
205882,18
205882,19
205882,2
205882,20
205882,21
205882,22
205882,23
205882,24
205882,25
205882,26
205882,27
205882,28
205882,29
205882,3
205882,30
205882,31
205882,32
205882,4
205882,5
205882,6
205882,7
205882,8
205882,9
205885,1
205885,10
205885,11
205885,12
205885,13
205885,14
205885,15
205885,16
205885,17
205885,18
205885,19
205885,2
205885,20
205885,21
205885,22
205885,23
205885,24
205885,25
205885,26
205885,27
205885,28
205885,29
205885,3
205885,30
205885,31
205885,32
205885,4
205885,5
205885,6
205885,7
205885,8
205885,9
205897,1
205897,10
205897,11
205897,12
205897,13
205897,14
205897,15
205897,16
205897,17
205897,18
205897,19
205897,2
205897,20
205897,21
205897,22
205897,23
205897,24
205897,25
205897,26
205897,27
205897,28
205897,29
205897,3
205897,30
205897,31
205897,4
205897,5
205897,6
205897,7
205897,8
205897,9
205912,1
205912,10
205912,11
205912,12
205912,13
205912,14
205912,15
205912,16
205912,17
205912,18
205912,19
205912,2
205912,20
205912,21
205912,22
205912,23
205912,24
205912,25
205912,26
205912,27
205912,28
205912,29
205912,3
205912,30
205912,31
205912,32
205912,33
205912,34
205912,35
205912,36
205912,37
205912,38
205912,39
205912,4
205912,40
205912,5
205912,6
205912,7
205912,8
205912,9
205918,1
205918,10
205918,11
205918,12
205918,13
205918,14
205918,15
205918,16
205918,17
205918,18
205918,19
205918,2
205918,20
205918,21
205918,22
205918,23
205918,24
205918,25
205918,26
205918,3
205918,4
205918,5
205918,6
205918,7
205918,8
205918,9
205921,1
205921,10
205921,11
205921,12
205921,13
205921,14
205921,15
205921,16
205921,17
205921,18
205921,19
205921,2
205921,20
205921,21
205921,22
205921,23
205921,24
205921,25
205921,26
205921,27
205921,28
205921,29
205921,3
205921,30
205921,31
205921,32
205921,33
205921,34
205921,35
205921,36
205921,37
205921,38
205921,39
205921,4
205921,40
205921,5
205921,6
205921,7
205921,8
205921,9
205924,1
205924,10
205924,11
205924,12
205924,13
205924,14
205924,15
205924,16
205924,17
205924,18
205924,19
205924,2
205924,20
205924,21
205924,22
205924,23
205924,24
205924,25
205924,26
205924,27
205924,28
205924,29
205924,3
205924,30
205924,31
205924,32
205924,4
205924,5
205924,6
205924,7
205924,8
205924,9
205954,1
205954,10
205954,11
205954,12
205954,13
205954,14
205954,15
205954,16
205954,17
205954,18
205954,19
205954,2
205954,20
205954,21
205954,22
205954,23
205954,24
205954,25
205954,26
205954,27
205954,28
205954,29
205954,3
205954,30
205954,31
205954,32
205954,33
205954,34
205954,35
205954,36
205954,37
205954,38
205954,39
205954,4
205954,40
205954,5
205954,6
205954,7
205954,8
205954,9
205960,1
205960,10
205960,11
205960,12
205960,13
205960,14
205960,15
205960,16
205960,17
205960,18
205960,19
205960,2
205960,20
205960,21
205960,22
205960,23
205960,24
205960,25
205960,26
205960,27
205960,28
205960,29
205960,3
205960,30
205960,31
205960,32
205960,33
205960,34
205960,4
205960,5
205960,6
205960,7
205960,8
205960,9
205969,1
205969,10
205969,11
205969,12
205969,13
205969,14
205969,15
205969,16
205969,17
205969,18
205969,19
205969,2
205969,20
205969,21
205969,22
205969,23
205969,24
205969,25
205969,26
205969,3
205969,4
205969,5
205969,6
205969,7
205969,8
205969,9
205978,1
205978,10
205978,11
205978,12
205978,13
205978,14
205978,15
205978,16
205978,17
205978,18
205978,19
205978,2
205978,20
205978,21
205978,22
205978,23
205978,24
205978,25
205978,26
205978,27
205978,28
205978,29
205978,3
205978,30
205978,4
205978,5
205978,6
205978,7
205978,8
205978,9
205984,1
205984,10
205984,11
205984,12
205984,13
205984,14
205984,15
205984,16
205984,17
205984,18
205984,19
205984,2
205984,20
205984,21
205984,22
205984,23
205984,24
205984,25
205984,26
205984,27
205984,28
205984,29
205984,3
205984,30
205984,31
205984,32
205984,33
205984,34
205984,35
205984,36
205984,37
205984,38
205984,39
205984,4
205984,5
205984,6
205984,7
205984,8
205984,9
206026,1
206026,10
206026,11
206026,12
206026,13
206026,14
206026,15
206026,16
206026,17
206026,18
206026,19
206026,2
206026,20
206026,21
206026,22
206026,23
206026,24
206026,25
206026,26
206026,27
206026,28
206026,3
206026,4
206026,5
206026,6
206026,7
206026,8
206026,9
206047,1
206047,10
206047,11
206047,12
206047,13
206047,14
206047,15
206047,16
206047,17
206047,18
206047,19
206047,2
206047,20
206047,21
206047,22
206047,23
206047,24
206047,25
206047,26
206047,27
206047,28
206047,29
206047,3
206047,30
206047,31
206047,32
206047,33
206047,34
206047,35
206047,36
206047,37
206047,38
206047,39
206047,4
206047,40
206047,5
206047,6
206047,7
206047,8
206047,9
206050,1
206050,10
206050,11
206050,12
206050,13
206050,14
206050,15
206050,16
206050,17
206050,18
206050,19
206050,2
206050,20
206050,21
206050,22
206050,23
206050,24
206050,25
206050,26
206050,27
206050,3
206050,4
206050,5
206050,6
206050,7
206050,8
206050,9
206053,1
206053,10
206053,11
206053,12
206053,13
206053,14
206053,15
206053,16
206053,17
206053,18
206053,19
206053,2
206053,20
206053,21
206053,22
206053,23
206053,24
206053,25
206053,26
206053,27
206053,28
206053,3
206053,4
206053,5
206053,6
206053,7
206053,8
206053,9
206059,1
206059,10
206059,11
206059,12
206059,13
206059,14
206059,15
206059,16
206059,17
206059,18
206059,19
206059,2
206059,20
206059,21
206059,22
206059,23
206059,24
206059,25
206059,26
206059,27
206059,28
206059,29
206059,3
206059,4
206059,5
206059,6
206059,7
206059,8
206059,9
206071,1
206071,10
206071,11
206071,12
206071,13
206071,14
206071,15
206071,16
206071,17
206071,18
206071,19
206071,2
206071,20
206071,21
206071,22
206071,23
206071,24
206071,25
206071,26
206071,27
206071,28
206071,29
206071,3
206071,30
206071,31
206071,32
206071,33
206071,34
206071,35
206071,36
206071,37
206071,38
206071,39
206071,4
206071,40
206071,5
206071,6
206071,7
206071,8
206071,9
206086,1
206086,10
206086,11
206086,12
206086,13
206086,14
206086,15
206086,16
206086,17
206086,18
206086,19
206086,2
206086,20
206086,21
206086,22
206086,23
206086,24
206086,25
206086,26
206086,27
206086,28
206086,29
206086,3
206086,30
206086,31
206086,4
206086,5
206086,6
206086,7
206086,8
206086,9
206099,1
206099,10
206099,11
206099,12
206099,13
206099,14
206099,15
206099,16
206099,17
206099,18
206099,19
206099,2
206099,20
206099,21
206099,22
206099,23
206099,24
206099,25
206099,26
206099,27
206099,28
206099,29
206099,3
206099,30
206099,31
206099,32
206099,33
206099,34
206099,35
206099,36
206099,37
206099,38
206099,39
206099,4
206099,40
206099,5
206099,6
206099,7
206099,8
206099,9
206105,1
206105,10
206105,11
206105,12
206105,13
206105,14
206105,15
206105,16
206105,17
206105,18
206105,19
206105,2
206105,20
206105,21
206105,22
206105,23
206105,24
206105,25
206105,26
206105,27
206105,28
206105,29
206105,3
206105,30
206105,31
206105,32
206105,33
206105,34
206105,35
206105,36
206105,37
206105,38
206105,39
206105,4
206105,40
206105,5
206105,6
206105,7
206105,8
206105,9
206108,1
206108,10
206108,11
206108,12
206108,13
206108,14
206108,15
206108,16
206108,17
206108,18
206108,19
206108,2
206108,20
206108,21
206108,22
206108,23
206108,24
206108,25
206108,26
206108,27
206108,28
206108,29
206108,3
206108,30
206108,31
206108,32
206108,33
206108,34
206108,35
206108,36
206108,37
206108,38
206108,39
206108,4
206108,40
206108,5
206108,6
206108,7
206108,8
206108,9
206111,1
206111,10
206111,11
206111,12
206111,13
206111,14
206111,15
206111,16
206111,17
206111,18
206111,19
206111,2
206111,20
206111,21
206111,22
206111,23
206111,24
206111,25
206111,26
206111,27
206111,28
206111,3
206111,4
206111,5
206111,6
206111,7
206111,8
206111,9
206114,1
206114,10
206114,11
206114,12
206114,13
206114,14
206114,15
206114,16
206114,17
206114,18
206114,19
206114,2
206114,20
206114,21
206114,22
206114,23
206114,24
206114,25
206114,26
206114,27
206114,28
206114,29
206114,3
206114,30
206114,4
206114,5
206114,6
206114,7
206114,8
206114,9
206123,1
206123,10
206123,11
206123,12
206123,13
206123,14
206123,15
206123,16
206123,17
206123,18
206123,19
206123,2
206123,20
206123,21
206123,22
206123,23
206123,24
206123,25
206123,26
206123,27
206123,28
206123,29
206123,3
206123,30
206123,31
206123,32
206123,33
206123,34
206123,35
206123,36
206123,37
206123,38
206123,39
206123,4
206123,40
206123,5
206123,6
206123,7
206123,8
206123,9
206132,1
206132,10
206132,11
206132,12
206132,13
206132,14
206132,15
206132,16
206132,17
206132,18
206132,19
206132,2
206132,20
206132,21
206132,22
206132,23
206132,24
206132,25
206132,26
206132,27
206132,28
206132,29
206132,3
206132,30
206132,31
206132,32
206132,33
206132,34
206132,35
206132,36
206132,37
206132,38
206132,39
206132,4
206132,40
206132,5
206132,6
206132,7
206132,8
206132,9
206135,1
206135,10
206135,11
206135,12
206135,13
206135,14
206135,15
206135,16
206135,17
206135,18
206135,19
206135,2
206135,20
206135,21
206135,22
206135,23
206135,24
206135,25
206135,26
206135,27
206135,28
206135,29
206135,3
206135,30
206135,31
206135,32
206135,33
206135,34
206135,35
206135,36
206135,37
206135,38
206135,39
206135,4
206135,40
206135,5
206135,6
206135,7
206135,8
206135,9
206141,1
206141,10
206141,11
206141,12
206141,13
206141,14
206141,15
206141,16
206141,17
206141,18
206141,19
206141,2
206141,20
206141,21
206141,22
206141,23
206141,24
206141,25
206141,26
206141,27
206141,28
206141,29
206141,3
206141,30
206141,31
206141,32
206141,33
206141,34
206141,35
206141,36
206141,37
206141,38
206141,39
206141,4
206141,40
206141,5
206141,6
206141,7
206141,8
206141,9
206147,1
206147,10
206147,11
206147,12
206147,13
206147,14
206147,15
206147,16
206147,17
206147,18
206147,19
206147,2
206147,20
206147,21
206147,22
206147,23
206147,24
206147,25
206147,26
206147,27
206147,28
206147,29
206147,3
206147,30
206147,31
206147,32
206147,33
206147,34
206147,35
206147,36
206147,37
206147,38
206147,39
206147,4
206147,40
206147,5
206147,6
206147,7
206147,8
206147,9
206150,1
206150,10
206150,11
206150,12
206150,13
206150,14
206150,15
206150,16
206150,17
206150,18
206150,19
206150,2
206150,20
206150,21
206150,22
206150,23
206150,24
206150,3
206150,4
206150,5
206150,6
206150,7
206150,8
206150,9
206162,1
206162,10
206162,11
206162,12
206162,13
206162,14
206162,15
206162,16
206162,17
206162,18
206162,19
206162,2
206162,20
206162,21
206162,22
206162,23
206162,24
206162,25
206162,26
206162,27
206162,28
206162,29
206162,3
206162,30
206162,31
206162,32
206162,33
206162,34
206162,35
206162,36
206162,37
206162,38
206162,39
206162,4
206162,40
206162,5
206162,6
206162,7
206162,8
206162,9
206165,1
206165,10
206165,11
206165,12
206165,13
206165,14
206165,15
206165,16
206165,17
206165,18
206165,19
206165,2
206165,20
206165,21
206165,22
206165,23
206165,24
206165,25
206165,26
206165,27
206165,28
206165,29
206165,3
206165,30
206165,31
206165,32
206165,33
206165,4
206165,5
206165,6
206165,7
206165,8
206165,9
206180,1
206180,10
206180,11
206180,12
206180,13
206180,14
206180,15
206180,16
206180,17
206180,18
206180,19
206180,2
206180,20
206180,21
206180,22
206180,23
206180,24
206180,25
206180,26
206180,27
206180,28
206180,29
206180,3
206180,30
206180,31
206180,32
206180,33
206180,34
206180,35
206180,36
206180,37
206180,38
206180,39
206180,4
206180,40
206180,5
206180,6
206180,7
206180,8
206180,9
206198,1
206198,10
206198,11
206198,12
206198,13
206198,14
206198,15
206198,16
206198,17
206198,18
206198,19
206198,2
206198,20
206198,21
206198,22
206198,23
206198,24
206198,25
206198,26
206198,27
206198,28
206198,29
206198,3
206198,30
206198,31
206198,32
206198,33
206198,34
206198,35
206198,36
206198,37
206198,38
206198,39
206198,4
206198,40
206198,5
206198,6
206198,7
206198,8
206198,9
206201,1
206201,10
206201,11
206201,12
206201,13
206201,14
206201,15
206201,16
206201,17
206201,18
206201,19
206201,2
206201,20
206201,21
206201,22
206201,23
206201,24
206201,25
206201,26
206201,27
206201,28
206201,29
206201,3
206201,30
206201,31
206201,32
206201,33
206201,34
206201,35
206201,36
206201,37
206201,38
206201,39
206201,4
206201,40
206201,5
206201,6
206201,7
206201,8
206201,9
206210,1
206210,10
206210,11
206210,12
206210,13
206210,14
206210,15
206210,16
206210,17
206210,18
206210,19
206210,2
206210,20
206210,21
206210,22
206210,23
206210,24
206210,25
206210,26
206210,27
206210,28
206210,29
206210,3
206210,30
206210,31
206210,32
206210,33
206210,34
206210,35
206210,36
206210,37
206210,4
206210,5
206210,6
206210,7
206210,8
206210,9
206216,1
206216,10
206216,11
206216,12
206216,13
206216,14
206216,15
206216,16
206216,17
206216,18
206216,19
206216,2
206216,20
206216,21
206216,22
206216,23
206216,3
206216,4
206216,5
206216,6
206216,7
206216,8
206216,9
206219,1
206219,10
206219,11
206219,12
206219,13
206219,14
206219,15
206219,16
206219,17
206219,18
206219,19
206219,2
206219,20
206219,21
206219,22
206219,23
206219,24
206219,3
206219,4
206219,5
206219,6
206219,7
206219,8
206219,9
206222,1
206222,10
206222,11
206222,12
206222,13
206222,14
206222,15
206222,16
206222,17
206222,18
206222,19
206222,2
206222,20
206222,21
206222,22
206222,23
206222,24
206222,25
206222,26
206222,27
206222,28
206222,29
206222,3
206222,30
206222,31
206222,32
206222,33
206222,34
206222,35
206222,36
206222,37
206222,38
206222,39
206222,4
206222,40
206222,5
206222,6
206222,7
206222,8
206222,9
206231,1
206231,10
206231,11
206231,12
206231,13
206231,14
206231,15
206231,16
206231,17
206231,18
206231,19
206231,2
206231,20
206231,21
206231,22
206231,23
206231,24
206231,25
206231,26
206231,27
206231,28
206231,29
206231,3
206231,30
206231,31
206231,32
206231,33
206231,4
206231,5
206231,6
206231,7
206231,8
206231,9
206234,1
206234,10
206234,11
206234,12
206234,13
206234,14
206234,15
206234,16
206234,17
206234,18
206234,19
206234,2
206234,20
206234,21
206234,22
206234,23
206234,24
206234,25
206234,26
206234,27
206234,28
206234,29
206234,3
206234,30
206234,31
206234,32
206234,33
206234,34
206234,35
206234,4
206234,5
206234,6
206234,7
206234,8
206234,9
206240,1
206240,10
206240,11
206240,12
206240,13
206240,14
206240,15
206240,16
206240,17
206240,18
206240,19
206240,2
206240,20
206240,21
206240,22
206240,23
206240,24
206240,25
206240,26
206240,27
206240,28
206240,29
206240,3
206240,30
206240,31
206240,32
206240,33
206240,34
206240,35
206240,36
206240,37
206240,38
206240,39
206240,4
206240,40
206240,5
206240,6
206240,7
206240,8
206240,9
206246,1
206246,10
206246,11
206246,12
206246,13
206246,14
206246,15
206246,16
206246,17
206246,18
206246,19
206246,2
206246,20
206246,21
206246,22
206246,23
206246,24
206246,25
206246,26
206246,27
206246,28
206246,29
206246,3
206246,30
206246,31
206246,32
206246,4
206246,5
206246,6
206246,7
206246,8
206246,9
206249,1
206249,10
206249,11
206249,12
206249,13
206249,14
206249,15
206249,16
206249,17
206249,18
206249,19
206249,2
206249,20
206249,21
206249,22
206249,23
206249,24
206249,25
206249,26
206249,27
206249,28
206249,29
206249,3
206249,30
206249,31
206249,32
206249,33
206249,34
206249,35
206249,36
206249,37
206249,38
206249,39
206249,4
206249,40
206249,5
206249,6
206249,7
206249,8
206249,9
206255,1
206255,10
206255,11
206255,12
206255,13
206255,14
206255,15
206255,16
206255,17
206255,18
206255,19
206255,2
206255,20
206255,21
206255,22
206255,23
206255,24
206255,25
206255,26
206255,27
206255,28
206255,29
206255,3
206255,30
206255,4
206255,5
206255,6
206255,7
206255,8
206255,9
206258,1
206258,10
206258,11
206258,12
206258,13
206258,14
206258,15
206258,16
206258,17
206258,18
206258,19
206258,2
206258,20
206258,21
206258,22
206258,23
206258,24
206258,25
206258,26
206258,27
206258,28
206258,29
206258,3
206258,30
206258,31
206258,4
206258,5
206258,6
206258,7
206258,8
206258,9
206261,1
206261,10
206261,11
206261,12
206261,13
206261,14
206261,15
206261,16
206261,17
206261,18
206261,19
206261,2
206261,20
206261,21
206261,22
206261,23
206261,24
206261,25
206261,26
206261,27
206261,28
206261,29
206261,3
206261,30
206261,31
206261,32
206261,33
206261,34
206261,35
206261,36
206261,37
206261,38
206261,39
206261,4
206261,40
206261,5
206261,6
206261,7
206261,8
206261,9
206267,1
206267,10
206267,11
206267,12
206267,13
206267,14
206267,15
206267,16
206267,17
206267,18
206267,19
206267,2
206267,20
206267,21
206267,22
206267,23
206267,24
206267,3
206267,4
206267,5
206267,6
206267,7
206267,8
206267,9
206270,1
206270,10
206270,11
206270,12
206270,13
206270,14
206270,15
206270,16
206270,17
206270,18
206270,19
206270,2
206270,20
206270,21
206270,22
206270,23
206270,24
206270,25
206270,26
206270,27
206270,28
206270,29
206270,3
206270,30
206270,31
206270,32
206270,33
206270,4
206270,5
206270,6
206270,7
206270,8
206270,9
206279,1
206279,10
206279,11
206279,12
206279,13
206279,14
206279,15
206279,16
206279,17
206279,18
206279,19
206279,2
206279,20
206279,21
206279,22
206279,23
206279,24
206279,25
206279,26
206279,27
206279,28
206279,29
206279,3
206279,30
206279,31
206279,32
206279,33
206279,34
206279,4
206279,5
206279,6
206279,7
206279,8
206279,9
206285,1
206285,10
206285,11
206285,12
206285,13
206285,14
206285,15
206285,16
206285,17
206285,18
206285,19
206285,2
206285,20
206285,21
206285,22
206285,23
206285,24
206285,25
206285,26
206285,27
206285,28
206285,29
206285,3
206285,30
206285,31
206285,32
206285,33
206285,34
206285,35
206285,36
206285,37
206285,38
206285,39
206285,4
206285,40
206285,5
206285,6
206285,7
206285,8
206285,9
206291,1
206291,10
206291,11
206291,12
206291,13
206291,14
206291,15
206291,16
206291,17
206291,18
206291,19
206291,2
206291,20
206291,21
206291,22
206291,23
206291,24
206291,25
206291,26
206291,27
206291,28
206291,29
206291,3
206291,30
206291,31
206291,32
206291,33
206291,34
206291,35
206291,36
206291,37
206291,38
206291,39
206291,4
206291,40
206291,5
206291,6
206291,7
206291,8
206291,9
206294,1
206294,10
206294,11
206294,12
206294,13
206294,14
206294,15
206294,16
206294,17
206294,18
206294,19
206294,2
206294,20
206294,21
206294,22
206294,23
206294,3
206294,4
206294,5
206294,6
206294,7
206294,8
206294,9
206297,1
206297,10
206297,11
206297,12
206297,13
206297,14
206297,15
206297,16
206297,17
206297,18
206297,2
206297,3
206297,4
206297,5
206297,6
206297,7
206297,8
206297,9
206300,1
206300,10
206300,11
206300,12
206300,13
206300,14
206300,15
206300,16
206300,17
206300,18
206300,19
206300,2
206300,20
206300,21
206300,22
206300,23
206300,24
206300,25
206300,26
206300,27
206300,28
206300,29
206300,3
206300,30
206300,31
206300,32
206300,33
206300,34
206300,35
206300,36
206300,37
206300,38
206300,39
206300,4
206300,40
206300,5
206300,6
206300,7
206300,8
206300,9
206309,1
206309,10
206309,11
206309,12
206309,13
206309,14
206309,15
206309,16
206309,17
206309,18
206309,19
206309,2
206309,20
206309,21
206309,22
206309,23
206309,24
206309,25
206309,26
206309,27
206309,28
206309,29
206309,3
206309,30
206309,31
206309,32
206309,33
206309,34
206309,35
206309,36
206309,37
206309,38
206309,39
206309,4
206309,40
206309,5
206309,6
206309,7
206309,8
206309,9
206315,1
206315,10
206315,11
206315,12
206315,13
206315,14
206315,15
206315,16
206315,17
206315,18
206315,19
206315,2
206315,20
206315,21
206315,3
206315,4
206315,5
206315,6
206315,7
206315,8
206315,9
206333,1
206333,10
206333,11
206333,12
206333,13
206333,14
206333,15
206333,16
206333,17
206333,18
206333,19
206333,2
206333,20
206333,21
206333,22
206333,23
206333,24
206333,25
206333,26
206333,27
206333,28
206333,29
206333,3
206333,30
206333,31
206333,32
206333,33
206333,34
206333,35
206333,36
206333,37
206333,38
206333,39
206333,4
206333,40
206333,5
206333,6
206333,7
206333,8
206333,9
206336,1
206336,10
206336,11
206336,12
206336,13
206336,14
206336,15
206336,16
206336,17
206336,18
206336,19
206336,2
206336,20
206336,21
206336,22
206336,23
206336,24
206336,25
206336,26
206336,27
206336,28
206336,29
206336,3
206336,30
206336,31
206336,32
206336,33
206336,34
206336,35
206336,36
206336,37
206336,38
206336,4
206336,5
206336,6
206336,7
206336,8
206336,9
206339,1
206339,10
206339,11
206339,12
206339,13
206339,14
206339,15
206339,16
206339,17
206339,18
206339,19
206339,2
206339,20
206339,21
206339,22
206339,23
206339,24
206339,25
206339,26
206339,27
206339,28
206339,3
206339,4
206339,5
206339,6
206339,7
206339,8
206339,9
206342,1
206342,10
206342,11
206342,12
206342,13
206342,14
206342,15
206342,16
206342,17
206342,18
206342,19
206342,2
206342,20
206342,21
206342,22
206342,23
206342,24
206342,25
206342,26
206342,27
206342,28
206342,29
206342,3
206342,30
206342,31
206342,32
206342,33
206342,34
206342,35
206342,36
206342,37
206342,38
206342,4
206342,5
206342,6
206342,7
206342,8
206342,9
206348,1
206348,10
206348,11
206348,12
206348,13
206348,14
206348,15
206348,16
206348,17
206348,18
206348,19
206348,2
206348,20
206348,21
206348,22
206348,23
206348,24
206348,25
206348,26
206348,27
206348,28
206348,29
206348,3
206348,30
206348,31
206348,32
206348,33
206348,34
206348,4
206348,5
206348,6
206348,7
206348,8
206348,9
206351,1
206351,10
206351,11
206351,12
206351,13
206351,14
206351,15
206351,16
206351,17
206351,18
206351,19
206351,2
206351,20
206351,21
206351,22
206351,23
206351,24
206351,25
206351,26
206351,27
206351,28
206351,29
206351,3
206351,30
206351,31
206351,32
206351,33
206351,34
206351,35
206351,36
206351,37
206351,38
206351,39
206351,4
206351,40
206351,5
206351,6
206351,7
206351,8
206351,9
206357,1
206357,10
206357,11
206357,12
206357,13
206357,14
206357,15
206357,16
206357,17
206357,18
206357,19
206357,2
206357,20
206357,21
206357,22
206357,23
206357,24
206357,25
206357,26
206357,27
206357,28
206357,29
206357,3
206357,30
206357,31
206357,32
206357,33
206357,34
206357,35
206357,36
206357,37
206357,38
206357,39
206357,4
206357,40
206357,5
206357,6
206357,7
206357,8
206357,9
206360,1
206360,10
206360,11
206360,12
206360,13
206360,14
206360,15
206360,16
206360,17
206360,18
206360,19
206360,2
206360,20
206360,21
206360,22
206360,23
206360,24
206360,25
206360,26
206360,27
206360,28
206360,29
206360,3
206360,30
206360,31
206360,32
206360,33
206360,34
206360,35
206360,36
206360,37
206360,38
206360,39
206360,4
206360,40
206360,5
206360,6
206360,7
206360,8
206360,9
206366,1
206366,10
206366,11
206366,12
206366,13
206366,14
206366,15
206366,16
206366,17
206366,18
206366,19
206366,2
206366,20
206366,21
206366,22
206366,23
206366,24
206366,25
206366,26
206366,27
206366,28
206366,3
206366,4
206366,5
206366,6
206366,7
206366,8
206366,9
206369,1
206369,10
206369,11
206369,12
206369,13
206369,14
206369,15
206369,16
206369,17
206369,18
206369,2
206369,3
206369,4
206369,5
206369,6
206369,7
206369,8
206369,9
206372,1
206372,10
206372,11
206372,12
206372,13
206372,14
206372,15
206372,16
206372,17
206372,18
206372,19
206372,2
206372,20
206372,21
206372,22
206372,23
206372,24
206372,25
206372,26
206372,27
206372,28
206372,29
206372,3
206372,30
206372,31
206372,32
206372,33
206372,34
206372,35
206372,36
206372,37
206372,38
206372,39
206372,4
206372,40
206372,5
206372,6
206372,7
206372,8
206372,9
206384,1
206384,10
206384,11
206384,12
206384,13
206384,14
206384,15
206384,16
206384,17
206384,18
206384,19
206384,2
206384,20
206384,21
206384,22
206384,23
206384,24
206384,25
206384,26
206384,27
206384,28
206384,29
206384,3
206384,30
206384,31
206384,4
206384,5
206384,6
206384,7
206384,8
206384,9
206399,1
206399,10
206399,11
206399,12
206399,13
206399,14
206399,15
206399,16
206399,17
206399,18
206399,19
206399,2
206399,20
206399,21
206399,22
206399,23
206399,24
206399,25
206399,26
206399,27
206399,28
206399,3
206399,4
206399,5
206399,6
206399,7
206399,8
206399,9
206408,1
206408,10
206408,11
206408,12
206408,13
206408,14
206408,15
206408,16
206408,17
206408,18
206408,19
206408,2
206408,20
206408,21
206408,22
206408,23
206408,24
206408,25
206408,26
206408,27
206408,28
206408,29
206408,3
206408,30
206408,31
206408,32
206408,33
206408,34
206408,35
206408,36
206408,37
206408,38
206408,4
206408,5
206408,6
206408,7
206408,8
206408,9
206411,1
206411,10
206411,11
206411,12
206411,13
206411,14
206411,15
206411,16
206411,17
206411,18
206411,19
206411,2
206411,20
206411,21
206411,22
206411,23
206411,24
206411,25
206411,26
206411,27
206411,28
206411,29
206411,3
206411,30
206411,31
206411,32
206411,33
206411,34
206411,35
206411,36
206411,37
206411,38
206411,39
206411,4
206411,40
206411,5
206411,6
206411,7
206411,8
206411,9
206414,1
206414,10
206414,11
206414,12
206414,13
206414,14
206414,15
206414,16
206414,17
206414,18
206414,19
206414,2
206414,20
206414,21
206414,22
206414,23
206414,24
206414,25
206414,26
206414,27
206414,28
206414,29
206414,3
206414,30
206414,31
206414,32
206414,33
206414,34
206414,35
206414,4
206414,5
206414,6
206414,7
206414,8
206414,9
206417,1
206417,10
206417,11
206417,12
206417,13
206417,14
206417,15
206417,16
206417,17
206417,18
206417,19
206417,2
206417,20
206417,21
206417,22
206417,23
206417,24
206417,25
206417,26
206417,27
206417,28
206417,29
206417,3
206417,30
206417,31
206417,32
206417,33
206417,34
206417,35
206417,36
206417,37
206417,38
206417,4
206417,5
206417,6
206417,7
206417,8
206417,9
206420,1
206420,10
206420,11
206420,12
206420,13
206420,14
206420,15
206420,16
206420,17
206420,18
206420,19
206420,2
206420,20
206420,21
206420,22
206420,23
206420,24
206420,25
206420,26
206420,27
206420,28
206420,29
206420,3
206420,30
206420,31
206420,32
206420,33
206420,34
206420,35
206420,36
206420,37
206420,38
206420,39
206420,4
206420,40
206420,5
206420,6
206420,7
206420,8
206420,9
206423,1
206423,10
206423,11
206423,12
206423,13
206423,14
206423,15
206423,16
206423,2
206423,3
206423,4
206423,5
206423,6
206423,7
206423,8
206423,9
206432,1
206432,10
206432,11
206432,12
206432,13
206432,14
206432,15
206432,16
206432,17
206432,18
206432,19
206432,2
206432,20
206432,21
206432,22
206432,23
206432,24
206432,25
206432,26
206432,27
206432,28
206432,29
206432,3
206432,30
206432,31
206432,32
206432,4
206432,5
206432,6
206432,7
206432,8
206432,9
206438,1
206438,10
206438,11
206438,12
206438,13
206438,14
206438,15
206438,16
206438,17
206438,18
206438,19
206438,2
206438,20
206438,21
206438,22
206438,23
206438,24
206438,25
206438,26
206438,27
206438,28
206438,29
206438,3
206438,30
206438,31
206438,4
206438,5
206438,6
206438,7
206438,8
206438,9
206441,1
206441,10
206441,11
206441,12
206441,13
206441,14
206441,15
206441,16
206441,17
206441,18
206441,19
206441,2
206441,20
206441,21
206441,22
206441,23
206441,24
206441,25
206441,26
206441,27
206441,28
206441,29
206441,3
206441,30
206441,31
206441,32
206441,33
206441,34
206441,35
206441,36
206441,37
206441,38
206441,39
206441,4
206441,40
206441,5
206441,6
206441,7
206441,8
206441,9
206444,1
206444,10
206444,11
206444,12
206444,13
206444,14
206444,15
206444,16
206444,17
206444,18
206444,19
206444,2
206444,20
206444,21
206444,22
206444,23
206444,24
206444,25
206444,26
206444,27
206444,28
206444,29
206444,3
206444,30
206444,31
206444,32
206444,33
206444,34
206444,35
206444,36
206444,37
206444,38
206444,39
206444,4
206444,40
206444,5
206444,6
206444,7
206444,8
206444,9
206447,1
206447,10
206447,11
206447,12
206447,13
206447,14
206447,15
206447,16
206447,17
206447,18
206447,19
206447,2
206447,20
206447,21
206447,22
206447,23
206447,24
206447,25
206447,26
206447,27
206447,28
206447,29
206447,3
206447,30
206447,31
206447,32
206447,33
206447,4
206447,5
206447,6
206447,7
206447,8
206447,9
206453,1
206453,10
206453,11
206453,12
206453,13
206453,14
206453,15
206453,16
206453,17
206453,18
206453,19
206453,2
206453,20
206453,21
206453,22
206453,23
206453,24
206453,25
206453,26
206453,27
206453,28
206453,29
206453,3
206453,30
206453,31
206453,32
206453,33
206453,34
206453,35
206453,36
206453,37
206453,38
206453,39
206453,4
206453,40
206453,5
206453,6
206453,7
206453,8
206453,9
206456,1
206456,10
206456,11
206456,12
206456,13
206456,14
206456,15
206456,16
206456,17
206456,18
206456,19
206456,2
206456,20
206456,21
206456,22
206456,23
206456,24
206456,25
206456,26
206456,27
206456,28
206456,29
206456,3
206456,30
206456,31
206456,32
206456,33
206456,34
206456,35
206456,36
206456,37
206456,38
206456,39
206456,4
206456,40
206456,5
206456,6
206456,7
206456,8
206456,9
206471,1
206471,10
206471,11
206471,12
206471,13
206471,14
206471,15
206471,16
206471,17
206471,18
206471,19
206471,2
206471,20
206471,21
206471,22
206471,23
206471,24
206471,25
206471,26
206471,27
206471,28
206471,29
206471,3
206471,30
206471,31
206471,32
206471,33
206471,34
206471,4
206471,5
206471,6
206471,7
206471,8
206471,9
206477,1
206477,10
206477,11
206477,12
206477,13
206477,14
206477,15
206477,16
206477,17
206477,18
206477,19
206477,2
206477,20
206477,21
206477,22
206477,3
206477,4
206477,5
206477,6
206477,7
206477,8
206477,9
206480,1
206480,10
206480,11
206480,12
206480,13
206480,14
206480,15
206480,16
206480,17
206480,18
206480,19
206480,2
206480,20
206480,21
206480,22
206480,23
206480,24
206480,25
206480,26
206480,27
206480,28
206480,29
206480,3
206480,30
206480,31
206480,32
206480,33
206480,34
206480,35
206480,36
206480,37
206480,38
206480,39
206480,4
206480,40
206480,5
206480,6
206480,7
206480,8
206480,9
206483,1
206483,10
206483,11
206483,12
206483,13
206483,14
206483,15
206483,16
206483,17
206483,18
206483,19
206483,2
206483,20
206483,21
206483,22
206483,3
206483,4
206483,5
206483,6
206483,7
206483,8
206483,9
206489,1
206489,10
206489,11
206489,12
206489,13
206489,14
206489,15
206489,16
206489,17
206489,18
206489,19
206489,2
206489,20
206489,21
206489,22
206489,23
206489,24
206489,25
206489,26
206489,27
206489,28
206489,29
206489,3
206489,30
206489,31
206489,32
206489,33
206489,34
206489,4
206489,5
206489,6
206489,7
206489,8
206489,9
206504,1
206504,10
206504,11
206504,12
206504,13
206504,14
206504,15
206504,16
206504,17
206504,18
206504,19
206504,2
206504,20
206504,21
206504,22
206504,23
206504,24
206504,25
206504,3
206504,4
206504,5
206504,6
206504,7
206504,8
206504,9
206510,1
206510,10
206510,11
206510,12
206510,13
206510,14
206510,15
206510,16
206510,17
206510,18
206510,19
206510,2
206510,20
206510,21
206510,22
206510,23
206510,24
206510,25
206510,26
206510,27
206510,28
206510,29
206510,3
206510,30
206510,31
206510,32
206510,33
206510,34
206510,35
206510,36
206510,37
206510,38
206510,39
206510,4
206510,40
206510,5
206510,6
206510,7
206510,8
206510,9
206513,1
206513,10
206513,11
206513,12
206513,13
206513,14
206513,15
206513,16
206513,17
206513,18
206513,19
206513,2
206513,20
206513,21
206513,22
206513,23
206513,24
206513,25
206513,26
206513,27
206513,28
206513,29
206513,3
206513,30
206513,31
206513,32
206513,33
206513,34
206513,4
206513,5
206513,6
206513,7
206513,8
206513,9
206519,1
206519,10
206519,11
206519,12
206519,13
206519,14
206519,15
206519,16
206519,17
206519,18
206519,19
206519,2
206519,20
206519,21
206519,22
206519,23
206519,24
206519,25
206519,26
206519,27
206519,28
206519,29
206519,3
206519,30
206519,31
206519,32
206519,33
206519,34
206519,35
206519,36
206519,37
206519,38
206519,39
206519,4
206519,40
206519,5
206519,6
206519,7
206519,8
206519,9
206528,1
206528,10
206528,11
206528,12
206528,13
206528,14
206528,15
206528,16
206528,17
206528,18
206528,19
206528,2
206528,20
206528,21
206528,22
206528,23
206528,24
206528,25
206528,26
206528,27
206528,28
206528,29
206528,3
206528,30
206528,31
206528,32
206528,33
206528,34
206528,35
206528,36
206528,37
206528,38
206528,39
206528,4
206528,40
206528,5
206528,6
206528,7
206528,8
206528,9
206543,1
206543,10
206543,11
206543,12
206543,13
206543,14
206543,15
206543,16
206543,17
206543,18
206543,19
206543,2
206543,20
206543,21
206543,22
206543,23
206543,24
206543,25
206543,26
206543,27
206543,28
206543,29
206543,3
206543,30
206543,31
206543,32
206543,33
206543,34
206543,35
206543,36
206543,37
206543,38
206543,39
206543,4
206543,40
206543,5
206543,6
206543,7
206543,8
206543,9
206546,1
206546,10
206546,11
206546,12
206546,13
206546,14
206546,15
206546,16
206546,17
206546,18
206546,19
206546,2
206546,20
206546,21
206546,22
206546,23
206546,24
206546,25
206546,26
206546,27
206546,28
206546,29
206546,3
206546,30
206546,31
206546,32
206546,33
206546,34
206546,4
206546,5
206546,6
206546,7
206546,8
206546,9
206549,1
206549,10
206549,11
206549,12
206549,13
206549,14
206549,15
206549,16
206549,17
206549,18
206549,19
206549,2
206549,20
206549,3
206549,4
206549,5
206549,6
206549,7
206549,8
206549,9
206561,1
206561,10
206561,11
206561,12
206561,13
206561,14
206561,15
206561,16
206561,17
206561,18
206561,19
206561,2
206561,20
206561,21
206561,22
206561,3
206561,4
206561,5
206561,6
206561,7
206561,8
206561,9
206564,1
206564,10
206564,11
206564,12
206564,13
206564,14
206564,15
206564,16
206564,17
206564,18
206564,19
206564,2
206564,20
206564,21
206564,22
206564,23
206564,24
206564,25
206564,26
206564,27
206564,28
206564,29
206564,3
206564,30
206564,31
206564,32
206564,33
206564,34
206564,35
206564,36
206564,37
206564,38
206564,39
206564,4
206564,40
206564,5
206564,6
206564,7
206564,8
206564,9
206567,1
206567,10
206567,11
206567,12
206567,13
206567,14
206567,15
206567,16
206567,17
206567,18
206567,19
206567,2
206567,20
206567,21
206567,22
206567,23
206567,24
206567,25
206567,26
206567,27
206567,28
206567,29
206567,3
206567,30
206567,31
206567,32
206567,33
206567,34
206567,35
206567,36
206567,37
206567,38
206567,39
206567,4
206567,40
206567,5
206567,6
206567,7
206567,8
206567,9
206576,1
206576,10
206576,11
206576,12
206576,13
206576,14
206576,15
206576,16
206576,17
206576,18
206576,19
206576,2
206576,20
206576,21
206576,22
206576,23
206576,24
206576,25
206576,26
206576,27
206576,28
206576,29
206576,3
206576,30
206576,31
206576,32
206576,33
206576,34
206576,35
206576,36
206576,37
206576,38
206576,39
206576,4
206576,40
206576,5
206576,6
206576,7
206576,8
206576,9
206579,1
206579,10
206579,11
206579,12
206579,13
206579,14
206579,15
206579,16
206579,17
206579,18
206579,19
206579,2
206579,20
206579,21
206579,22
206579,23
206579,24
206579,25
206579,26
206579,27
206579,28
206579,29
206579,3
206579,30
206579,31
206579,32
206579,33
206579,34
206579,35
206579,36
206579,37
206579,38
206579,39
206579,4
206579,40
206579,5
206579,6
206579,7
206579,8
206579,9
206588,1
206588,10
206588,11
206588,12
206588,13
206588,14
206588,15
206588,16
206588,17
206588,18
206588,19
206588,2
206588,20
206588,21
206588,22
206588,23
206588,24
206588,25
206588,26
206588,27
206588,28
206588,29
206588,3
206588,4
206588,5
206588,6
206588,7
206588,8
206588,9
206594,1
206594,10
206594,11
206594,12
206594,13
206594,14
206594,15
206594,16
206594,17
206594,18
206594,19
206594,2
206594,20
206594,21
206594,22
206594,23
206594,24
206594,25
206594,26
206594,27
206594,28
206594,29
206594,3
206594,30
206594,4
206594,5
206594,6
206594,7
206594,8
206594,9
206597,1
206597,10
206597,11
206597,12
206597,13
206597,14
206597,15
206597,16
206597,17
206597,18
206597,19
206597,2
206597,20
206597,21
206597,22
206597,23
206597,24
206597,25
206597,26
206597,27
206597,28
206597,29
206597,3
206597,30
206597,4
206597,5
206597,6
206597,7
206597,8
206597,9
206606,1
206606,10
206606,11
206606,12
206606,13
206606,14
206606,15
206606,16
206606,17
206606,18
206606,19
206606,2
206606,20
206606,21
206606,22
206606,23
206606,24
206606,25
206606,26
206606,27
206606,28
206606,29
206606,3
206606,30
206606,31
206606,32
206606,33
206606,34
206606,35
206606,36
206606,37
206606,38
206606,39
206606,4
206606,40
206606,5
206606,6
206606,7
206606,8
206606,9
206609,1
206609,10
206609,11
206609,12
206609,13
206609,14
206609,15
206609,16
206609,17
206609,18
206609,19
206609,2
206609,20
206609,21
206609,22
206609,23
206609,24
206609,25
206609,26
206609,3
206609,4
206609,5
206609,6
206609,7
206609,8
206609,9
206615,1
206615,10
206615,11
206615,12
206615,13
206615,14
206615,15
206615,16
206615,17
206615,18
206615,19
206615,2
206615,20
206615,21
206615,22
206615,23
206615,24
206615,25
206615,26
206615,27
206615,28
206615,29
206615,3
206615,30
206615,31
206615,32
206615,33
206615,34
206615,35
206615,36
206615,37
206615,38
206615,39
206615,4
206615,40
206615,5
206615,6
206615,7
206615,8
206615,9
206621,1
206621,10
206621,11
206621,12
206621,13
206621,14
206621,15
206621,16
206621,17
206621,18
206621,19
206621,2
206621,20
206621,21
206621,22
206621,3
206621,4
206621,5
206621,6
206621,7
206621,8
206621,9
206624,1
206624,10
206624,11
206624,12
206624,13
206624,14
206624,15
206624,16
206624,17
206624,18
206624,19
206624,2
206624,20
206624,21
206624,22
206624,23
206624,24
206624,25
206624,26
206624,27
206624,28
206624,29
206624,3
206624,30
206624,31
206624,32
206624,33
206624,34
206624,35
206624,36
206624,37
206624,38
206624,39
206624,4
206624,40
206624,5
206624,6
206624,7
206624,8
206624,9
206627,1
206627,10
206627,11
206627,12
206627,13
206627,14
206627,15
206627,16
206627,17
206627,18
206627,19
206627,2
206627,20
206627,21
206627,22
206627,23
206627,24
206627,25
206627,26
206627,27
206627,28
206627,29
206627,3
206627,30
206627,31
206627,32
206627,4
206627,5
206627,6
206627,7
206627,8
206627,9
206633,1
206633,10
206633,11
206633,12
206633,13
206633,14
206633,15
206633,16
206633,17
206633,18
206633,19
206633,2
206633,20
206633,21
206633,22
206633,23
206633,24
206633,25
206633,26
206633,27
206633,28
206633,29
206633,3
206633,30
206633,31
206633,32
206633,33
206633,34
206633,35
206633,36
206633,37
206633,38
206633,39
206633,4
206633,40
206633,5
206633,6
206633,7
206633,8
206633,9
206642,1
206642,10
206642,11
206642,12
206642,13
206642,14
206642,15
206642,16
206642,17
206642,18
206642,19
206642,2
206642,20
206642,21
206642,22
206642,23
206642,24
206642,25
206642,3
206642,4
206642,5
206642,6
206642,7
206642,8
206642,9
206645,1
206645,10
206645,11
206645,12
206645,13
206645,14
206645,15
206645,16
206645,17
206645,18
206645,19
206645,2
206645,20
206645,21
206645,22
206645,23
206645,24
206645,25
206645,26
206645,27
206645,28
206645,29
206645,3
206645,30
206645,31
206645,32
206645,33
206645,34
206645,35
206645,36
206645,37
206645,38
206645,39
206645,4
206645,40
206645,5
206645,6
206645,7
206645,8
206645,9
206660,1
206660,10
206660,11
206660,12
206660,13
206660,14
206660,15
206660,16
206660,17
206660,18
206660,19
206660,2
206660,20
206660,21
206660,22
206660,23
206660,24
206660,25
206660,26
206660,27
206660,28
206660,29
206660,3
206660,30
206660,31
206660,32
206660,33
206660,34
206660,35
206660,4
206660,5
206660,6
206660,7
206660,8
206660,9
206669,1
206669,10
206669,11
206669,12
206669,13
206669,14
206669,15
206669,16
206669,17
206669,18
206669,19
206669,2
206669,20
206669,21
206669,22
206669,23
206669,24
206669,25
206669,26
206669,3
206669,4
206669,5
206669,6
206669,7
206669,8
206669,9
206672,1
206672,10
206672,11
206672,12
206672,13
206672,14
206672,15
206672,16
206672,17
206672,18
206672,19
206672,2
206672,20
206672,21
206672,22
206672,23
206672,3
206672,4
206672,5
206672,6
206672,7
206672,8
206672,9
206700,1
206700,10
206700,11
206700,12
206700,13
206700,14
206700,15
206700,16
206700,17
206700,18
206700,19
206700,2
206700,20
206700,21
206700,3
206700,4
206700,5
206700,6
206700,7
206700,8
206700,9
206706,1
206706,10
206706,11
206706,12
206706,13
206706,14
206706,15
206706,16
206706,17
206706,18
206706,19
206706,2
206706,20
206706,21
206706,22
206706,23
206706,24
206706,25
206706,26
206706,27
206706,28
206706,29
206706,3
206706,30
206706,31
206706,32
206706,4
206706,5
206706,6
206706,7
206706,8
206706,9
206709,1
206709,10
206709,11
206709,12
206709,13
206709,14
206709,15
206709,16
206709,2
206709,3
206709,4
206709,5
206709,6
206709,7
206709,8
206709,9
206718,1
206718,10
206718,11
206718,12
206718,13
206718,14
206718,15
206718,16
206718,17
206718,18
206718,19
206718,2
206718,20
206718,21
206718,22
206718,23
206718,24
206718,25
206718,26
206718,27
206718,28
206718,29
206718,3
206718,30
206718,31
206718,32
206718,33
206718,34
206718,35
206718,36
206718,37
206718,38
206718,39
206718,4
206718,40
206718,5
206718,6
206718,7
206718,8
206718,9
206727,1
206727,10
206727,11
206727,12
206727,13
206727,14
206727,15
206727,16
206727,17
206727,18
206727,19
206727,2
206727,20
206727,21
206727,22
206727,23
206727,24
206727,25
206727,26
206727,3
206727,4
206727,5
206727,6
206727,7
206727,8
206727,9
206733,1
206733,10
206733,11
206733,12
206733,13
206733,14
206733,15
206733,16
206733,17
206733,18
206733,19
206733,2
206733,20
206733,21
206733,22
206733,23
206733,24
206733,25
206733,26
206733,27
206733,28
206733,29
206733,3
206733,30
206733,31
206733,32
206733,33
206733,34
206733,35
206733,36
206733,37
206733,4
206733,5
206733,6
206733,7
206733,8
206733,9
206736,1
206736,10
206736,11
206736,12
206736,13
206736,14
206736,15
206736,16
206736,17
206736,18
206736,19
206736,2
206736,20
206736,21
206736,22
206736,23
206736,24
206736,25
206736,26
206736,27
206736,28
206736,29
206736,3
206736,30
206736,31
206736,4
206736,5
206736,6
206736,7
206736,8
206736,9
206745,1
206745,10
206745,11
206745,12
206745,13
206745,14
206745,15
206745,16
206745,17
206745,18
206745,19
206745,2
206745,20
206745,21
206745,22
206745,23
206745,24
206745,25
206745,26
206745,27
206745,28
206745,29
206745,3
206745,30
206745,31
206745,4
206745,5
206745,6
206745,7
206745,8
206745,9
206751,1
206751,10
206751,11
206751,12
206751,13
206751,14
206751,15
206751,16
206751,17
206751,18
206751,19
206751,2
206751,20
206751,21
206751,22
206751,23
206751,24
206751,25
206751,3
206751,4
206751,5
206751,6
206751,7
206751,8
206751,9
206754,1
206754,10
206754,11
206754,12
206754,13
206754,14
206754,15
206754,16
206754,17
206754,18
206754,19
206754,2
206754,20
206754,21
206754,22
206754,23
206754,24
206754,25
206754,26
206754,27
206754,28
206754,3
206754,4
206754,5
206754,6
206754,7
206754,8
206754,9
206763,1
206763,10
206763,11
206763,12
206763,13
206763,14
206763,15
206763,16
206763,17
206763,18
206763,19
206763,2
206763,20
206763,21
206763,22
206763,23
206763,24
206763,25
206763,26
206763,27
206763,28
206763,29
206763,3
206763,30
206763,31
206763,4
206763,5
206763,6
206763,7
206763,8
206763,9
206778,1
206778,10
206778,11
206778,12
206778,13
206778,14
206778,15
206778,16
206778,17
206778,18
206778,19
206778,2
206778,20
206778,21
206778,22
206778,23
206778,24
206778,25
206778,26
206778,27
206778,28
206778,29
206778,3
206778,30
206778,31
206778,32
206778,33
206778,4
206778,5
206778,6
206778,7
206778,8
206778,9
206790,1
206790,10
206790,11
206790,12
206790,13
206790,14
206790,15
206790,16
206790,17
206790,18
206790,19
206790,2
206790,20
206790,21
206790,22
206790,23
206790,24
206790,25
206790,26
206790,27
206790,28
206790,29
206790,3
206790,30
206790,31
206790,32
206790,4
206790,5
206790,6
206790,7
206790,8
206790,9
206793,1
206793,10
206793,11
206793,12
206793,13
206793,14
206793,15
206793,16
206793,17
206793,18
206793,19
206793,2
206793,20
206793,21
206793,22
206793,23
206793,24
206793,25
206793,26
206793,27
206793,28
206793,29
206793,3
206793,30
206793,31
206793,32
206793,33
206793,34
206793,4
206793,5
206793,6
206793,7
206793,8
206793,9
206811,1
206811,10
206811,11
206811,12
206811,13
206811,14
206811,15
206811,16
206811,17
206811,18
206811,19
206811,2
206811,20
206811,21
206811,22
206811,23
206811,24
206811,25
206811,26
206811,27
206811,28
206811,29
206811,3
206811,30
206811,31
206811,32
206811,33
206811,34
206811,35
206811,36
206811,4
206811,5
206811,6
206811,7
206811,8
206811,9
206838,1
206838,10
206838,11
206838,12
206838,13
206838,14
206838,15
206838,16
206838,17
206838,18
206838,19
206838,2
206838,20
206838,21
206838,22
206838,23
206838,24
206838,25
206838,26
206838,27
206838,28
206838,29
206838,3
206838,30
206838,31
206838,32
206838,33
206838,34
206838,35
206838,36
206838,37
206838,38
206838,39
206838,4
206838,40
206838,5
206838,6
206838,7
206838,8
206838,9
206856,1
206856,10
206856,11
206856,12
206856,13
206856,14
206856,15
206856,16
206856,17
206856,18
206856,19
206856,2
206856,20
206856,21
206856,22
206856,23
206856,24
206856,25
206856,26
206856,27
206856,28
206856,29
206856,3
206856,30
206856,31
206856,32
206856,33
206856,34
206856,35
206856,36
206856,37
206856,38
206856,39
206856,4
206856,40
206856,5
206856,6
206856,7
206856,8
206856,9
206862,1
206862,10
206862,11
206862,12
206862,13
206862,14
206862,15
206862,16
206862,17
206862,18
206862,19
206862,2
206862,20
206862,21
206862,3
206862,4
206862,5
206862,6
206862,7
206862,8
206862,9
206865,1
206865,10
206865,11
206865,12
206865,13
206865,14
206865,15
206865,16
206865,17
206865,18
206865,19
206865,2
206865,20
206865,21
206865,22
206865,23
206865,24
206865,25
206865,26
206865,27
206865,28
206865,29
206865,3
206865,30
206865,31
206865,32
206865,33
206865,34
206865,35
206865,36
206865,37
206865,38
206865,39
206865,4
206865,40
206865,5
206865,6
206865,7
206865,8
206865,9
206880,1
206880,10
206880,11
206880,12
206880,13
206880,14
206880,15
206880,16
206880,17
206880,18
206880,19
206880,2
206880,20
206880,21
206880,22
206880,23
206880,24
206880,25
206880,26
206880,3
206880,4
206880,5
206880,6
206880,7
206880,8
206880,9
206883,1
206883,10
206883,11
206883,12
206883,13
206883,14
206883,15
206883,16
206883,17
206883,18
206883,19
206883,2
206883,20
206883,21
206883,22
206883,23
206883,24
206883,25
206883,26
206883,27
206883,28
206883,29
206883,3
206883,30
206883,31
206883,32
206883,33
206883,34
206883,35
206883,36
206883,4
206883,5
206883,6
206883,7
206883,8
206883,9
206898,1
206898,10
206898,11
206898,12
206898,13
206898,14
206898,15
206898,16
206898,17
206898,18
206898,19
206898,2
206898,20
206898,21
206898,22
206898,23
206898,24
206898,25
206898,26
206898,27
206898,28
206898,29
206898,3
206898,30
206898,31
206898,32
206898,33
206898,34
206898,35
206898,36
206898,37
206898,38
206898,39
206898,4
206898,40
206898,5
206898,6
206898,7
206898,8
206898,9
206901,1
206901,10
206901,11
206901,12
206901,13
206901,14
206901,15
206901,16
206901,17
206901,18
206901,19
206901,2
206901,20
206901,21
206901,22
206901,23
206901,24
206901,25
206901,26
206901,27
206901,28
206901,29
206901,3
206901,30
206901,31
206901,32
206901,33
206901,34
206901,35
206901,36
206901,37
206901,38
206901,39
206901,4
206901,40
206901,5
206901,6
206901,7
206901,8
206901,9
206904,1
206904,10
206904,11
206904,12
206904,13
206904,14
206904,15
206904,16
206904,17
206904,18
206904,19
206904,2
206904,20
206904,21
206904,22
206904,23
206904,24
206904,25
206904,26
206904,3
206904,4
206904,5
206904,6
206904,7
206904,8
206904,9
206907,1
206907,10
206907,11
206907,12
206907,13
206907,14
206907,15
206907,16
206907,17
206907,18
206907,19
206907,2
206907,20
206907,21
206907,22
206907,23
206907,24
206907,25
206907,26
206907,27
206907,28
206907,3
206907,4
206907,5
206907,6
206907,7
206907,8
206907,9
206910,1
206910,10
206910,11
206910,12
206910,13
206910,14
206910,15
206910,16
206910,17
206910,18
206910,19
206910,2
206910,20
206910,21
206910,22
206910,23
206910,24
206910,25
206910,26
206910,27
206910,28
206910,29
206910,3
206910,30
206910,31
206910,32
206910,33
206910,34
206910,35
206910,36
206910,37
206910,38
206910,39
206910,4
206910,40
206910,5
206910,6
206910,7
206910,8
206910,9
206913,1
206913,10
206913,11
206913,12
206913,13
206913,14
206913,15
206913,16
206913,17
206913,18
206913,19
206913,2
206913,20
206913,21
206913,22
206913,23
206913,24
206913,25
206913,26
206913,27
206913,28
206913,29
206913,3
206913,30
206913,31
206913,32
206913,33
206913,34
206913,35
206913,36
206913,37
206913,38
206913,39
206913,4
206913,5
206913,6
206913,7
206913,8
206913,9
206925,1
206925,10
206925,11
206925,12
206925,13
206925,14
206925,15
206925,16
206925,17
206925,18
206925,19
206925,2
206925,20
206925,21
206925,22
206925,23
206925,24
206925,25
206925,26
206925,27
206925,28
206925,29
206925,3
206925,30
206925,31
206925,32
206925,33
206925,34
206925,35
206925,36
206925,37
206925,38
206925,4
206925,5
206925,6
206925,7
206925,8
206925,9
206928,1
206928,10
206928,11
206928,12
206928,13
206928,14
206928,15
206928,16
206928,17
206928,18
206928,19
206928,2
206928,20
206928,21
206928,22
206928,23
206928,24
206928,25
206928,26
206928,27
206928,28
206928,29
206928,3
206928,30
206928,31
206928,32
206928,33
206928,34
206928,35
206928,36
206928,37
206928,38
206928,39
206928,4
206928,40
206928,5
206928,6
206928,7
206928,8
206928,9
206934,1
206934,10
206934,11
206934,12
206934,13
206934,14
206934,15
206934,16
206934,17
206934,18
206934,19
206934,2
206934,20
206934,21
206934,22
206934,23
206934,24
206934,25
206934,26
206934,27
206934,28
206934,3
206934,4
206934,5
206934,6
206934,7
206934,8
206934,9
206937,1
206937,10
206937,11
206937,12
206937,13
206937,14
206937,15
206937,16
206937,17
206937,18
206937,19
206937,2
206937,20
206937,21
206937,22
206937,23
206937,24
206937,25
206937,26
206937,27
206937,28
206937,29
206937,3
206937,30
206937,31
206937,32
206937,33
206937,34
206937,35
206937,36
206937,37
206937,38
206937,39
206937,4
206937,40
206937,5
206937,6
206937,7
206937,8
206937,9
206952,1
206952,10
206952,11
206952,12
206952,13
206952,14
206952,15
206952,16
206952,17
206952,18
206952,19
206952,2
206952,20
206952,21
206952,22
206952,23
206952,24
206952,25
206952,26
206952,27
206952,28
206952,29
206952,3
206952,30
206952,31
206952,32
206952,33
206952,34
206952,35
206952,36
206952,37
206952,38
206952,39
206952,4
206952,40
206952,5
206952,6
206952,7
206952,8
206952,9
206958,1
206958,10
206958,11
206958,12
206958,13
206958,14
206958,15
206958,16
206958,17
206958,18
206958,19
206958,2
206958,20
206958,21
206958,22
206958,23
206958,24
206958,3
206958,4
206958,5
206958,6
206958,7
206958,8
206958,9
206999,1
206999,10
206999,11
206999,12
206999,13
206999,14
206999,15
206999,16
206999,17
206999,18
206999,19
206999,2
206999,20
206999,21
206999,22
206999,23
206999,24
206999,25
206999,3
206999,4
206999,5
206999,6
206999,7
206999,8
206999,9
207005,1
207005,10
207005,11
207005,12
207005,13
207005,14
207005,15
207005,16
207005,17
207005,18
207005,19
207005,2
207005,20
207005,21
207005,22
207005,23
207005,24
207005,25
207005,26
207005,27
207005,28
207005,29
207005,3
207005,30
207005,31
207005,32
207005,33
207005,34
207005,35
207005,36
207005,37
207005,38
207005,39
207005,4
207005,5
207005,6
207005,7
207005,8
207005,9
207014,1
207014,10
207014,11
207014,12
207014,13
207014,14
207014,15
207014,16
207014,17
207014,18
207014,19
207014,2
207014,20
207014,21
207014,22
207014,23
207014,24
207014,3
207014,4
207014,5
207014,6
207014,7
207014,8
207014,9
207017,1
207017,10
207017,11
207017,12
207017,13
207017,14
207017,15
207017,16
207017,17
207017,18
207017,19
207017,2
207017,20
207017,21
207017,22
207017,23
207017,24
207017,25
207017,26
207017,27
207017,28
207017,29
207017,3
207017,4
207017,5
207017,6
207017,7
207017,8
207017,9
207020,1
207020,10
207020,11
207020,12
207020,13
207020,14
207020,15
207020,16
207020,17
207020,18
207020,19
207020,2
207020,20
207020,21
207020,22
207020,23
207020,24
207020,25
207020,26
207020,27
207020,28
207020,29
207020,3
207020,30
207020,31
207020,32
207020,33
207020,34
207020,35
207020,36
207020,37
207020,38
207020,39
207020,4
207020,40
207020,5
207020,6
207020,7
207020,8
207020,9
207023,1
207023,10
207023,11
207023,12
207023,13
207023,14
207023,15
207023,16
207023,17
207023,18
207023,19
207023,2
207023,20
207023,21
207023,22
207023,23
207023,24
207023,25
207023,26
207023,3
207023,4
207023,5
207023,6
207023,7
207023,8
207023,9
207026,1
207026,10
207026,11
207026,12
207026,13
207026,14
207026,15
207026,16
207026,17
207026,18
207026,19
207026,2
207026,20
207026,21
207026,22
207026,23
207026,24
207026,25
207026,26
207026,27
207026,28
207026,29
207026,3
207026,30
207026,31
207026,32
207026,33
207026,34
207026,35
207026,36
207026,37
207026,38
207026,39
207026,4
207026,40
207026,5
207026,6
207026,7
207026,8
207026,9
207029,1
207029,10
207029,11
207029,12
207029,13
207029,14
207029,15
207029,16
207029,17
207029,18
207029,19
207029,2
207029,20
207029,21
207029,22
207029,23
207029,24
207029,25
207029,26
207029,27
207029,28
207029,29
207029,3
207029,30
207029,4
207029,5
207029,6
207029,7
207029,8
207029,9
207041,1
207041,10
207041,11
207041,12
207041,13
207041,14
207041,15
207041,16
207041,17
207041,18
207041,19
207041,2
207041,20
207041,21
207041,22
207041,23
207041,24
207041,25
207041,3
207041,4
207041,5
207041,6
207041,7
207041,8
207041,9
207044,1
207044,10
207044,11
207044,12
207044,13
207044,14
207044,15
207044,16
207044,17
207044,18
207044,19
207044,2
207044,20
207044,21
207044,22
207044,23
207044,24
207044,25
207044,26
207044,27
207044,28
207044,29
207044,3
207044,30
207044,31
207044,32
207044,4
207044,5
207044,6
207044,7
207044,8
207044,9
207047,1
207047,10
207047,11
207047,12
207047,13
207047,14
207047,15
207047,16
207047,17
207047,18
207047,19
207047,2
207047,20
207047,21
207047,22
207047,23
207047,24
207047,25
207047,26
207047,27
207047,28
207047,29
207047,3
207047,30
207047,31
207047,32
207047,33
207047,34
207047,35
207047,36
207047,37
207047,38
207047,39
207047,4
207047,40
207047,5
207047,6
207047,7
207047,8
207047,9
207050,1
207050,10
207050,11
207050,12
207050,13
207050,14
207050,15
207050,16
207050,17
207050,18
207050,19
207050,2
207050,20
207050,21
207050,22
207050,23
207050,24
207050,25
207050,26
207050,27
207050,28
207050,29
207050,3
207050,30
207050,4
207050,5
207050,6
207050,7
207050,8
207050,9
207053,1
207053,10
207053,11
207053,12
207053,13
207053,14
207053,15
207053,16
207053,17
207053,18
207053,19
207053,2
207053,20
207053,21
207053,22
207053,23
207053,24
207053,25
207053,26
207053,27
207053,28
207053,29
207053,3
207053,30
207053,31
207053,32
207053,33
207053,4
207053,5
207053,6
207053,7
207053,8
207053,9
207071,1
207071,10
207071,11
207071,12
207071,13
207071,14
207071,15
207071,16
207071,17
207071,18
207071,19
207071,2
207071,20
207071,21
207071,22
207071,3
207071,4
207071,5
207071,6
207071,7
207071,8
207071,9
207077,1
207077,10
207077,11
207077,12
207077,13
207077,14
207077,15
207077,16
207077,17
207077,18
207077,19
207077,2
207077,20
207077,21
207077,22
207077,3
207077,4
207077,5
207077,6
207077,7
207077,8
207077,9
207089,1
207089,10
207089,11
207089,12
207089,13
207089,14
207089,15
207089,16
207089,17
207089,18
207089,19
207089,2
207089,20
207089,21
207089,22
207089,23
207089,24
207089,25
207089,26
207089,27
207089,28
207089,29
207089,3
207089,30
207089,31
207089,4
207089,5
207089,6
207089,7
207089,8
207089,9
207107,1
207107,10
207107,11
207107,12
207107,13
207107,14
207107,15
207107,16
207107,17
207107,18
207107,19
207107,2
207107,20
207107,21
207107,22
207107,23
207107,24
207107,25
207107,26
207107,27
207107,28
207107,29
207107,3
207107,30
207107,31
207107,32
207107,33
207107,34
207107,35
207107,36
207107,37
207107,4
207107,5
207107,6
207107,7
207107,8
207107,9
207116,1
207116,10
207116,11
207116,12
207116,13
207116,14
207116,15
207116,16
207116,17
207116,18
207116,19
207116,2
207116,20
207116,21
207116,22
207116,23
207116,24
207116,25
207116,26
207116,27
207116,28
207116,29
207116,3
207116,30
207116,31
207116,32
207116,33
207116,34
207116,35
207116,36
207116,37
207116,38
207116,39
207116,4
207116,40
207116,5
207116,6
207116,7
207116,8
207116,9
207119,1
207119,10
207119,11
207119,12
207119,13
207119,14
207119,15
207119,16
207119,2
207119,3
207119,4
207119,5
207119,6
207119,7
207119,8
207119,9
207125,1
207125,10
207125,11
207125,12
207125,13
207125,14
207125,15
207125,16
207125,17
207125,18
207125,19
207125,2
207125,20
207125,21
207125,22
207125,23
207125,24
207125,25
207125,26
207125,27
207125,28
207125,3
207125,4
207125,5
207125,6
207125,7
207125,8
207125,9
207128,1
207128,10
207128,11
207128,12
207128,13
207128,14
207128,15
207128,16
207128,17
207128,18
207128,19
207128,2
207128,20
207128,21
207128,22
207128,23
207128,24
207128,25
207128,26
207128,27
207128,28
207128,29
207128,3
207128,30
207128,31
207128,32
207128,33
207128,34
207128,35
207128,4
207128,5
207128,6
207128,7
207128,8
207128,9
207137,1
207137,10
207137,11
207137,12
207137,13
207137,14
207137,15
207137,16
207137,17
207137,18
207137,19
207137,2
207137,20
207137,21
207137,22
207137,23
207137,24
207137,25
207137,26
207137,27
207137,28
207137,29
207137,3
207137,30
207137,31
207137,32
207137,33
207137,34
207137,35
207137,36
207137,37
207137,4
207137,5
207137,6
207137,7
207137,8
207137,9
207140,1
207140,10
207140,11
207140,12
207140,13
207140,14
207140,15
207140,16
207140,17
207140,18
207140,19
207140,2
207140,20
207140,21
207140,22
207140,23
207140,24
207140,25
207140,26
207140,27
207140,28
207140,29
207140,3
207140,30
207140,31
207140,32
207140,33
207140,34
207140,35
207140,36
207140,37
207140,38
207140,4
207140,5
207140,6
207140,7
207140,8
207140,9
207143,1
207143,10
207143,11
207143,12
207143,13
207143,14
207143,15
207143,16
207143,17
207143,18
207143,19
207143,2
207143,20
207143,21
207143,22
207143,23
207143,24
207143,3
207143,4
207143,5
207143,6
207143,7
207143,8
207143,9
207200,1
207200,10
207200,11
207200,12
207200,13
207200,14
207200,15
207200,16
207200,17
207200,18
207200,19
207200,2
207200,20
207200,21
207200,22
207200,23
207200,24
207200,25
207200,26
207200,27
207200,28
207200,29
207200,3
207200,30
207200,31
207200,32
207200,33
207200,34
207200,4
207200,5
207200,6
207200,7
207200,8
207200,9
207212,1
207212,10
207212,11
207212,12
207212,13
207212,14
207212,15
207212,16
207212,17
207212,18
207212,19
207212,2
207212,20
207212,21
207212,22
207212,23
207212,24
207212,25
207212,26
207212,27
207212,28
207212,29
207212,3
207212,30
207212,31
207212,32
207212,33
207212,34
207212,35
207212,36
207212,37
207212,38
207212,39
207212,4
207212,40
207212,5
207212,6
207212,7
207212,8
207212,9
207215,1
207215,10
207215,11
207215,12
207215,13
207215,14
207215,15
207215,16
207215,17
207215,18
207215,19
207215,2
207215,20
207215,21
207215,22
207215,23
207215,24
207215,25
207215,26
207215,27
207215,28
207215,29
207215,3
207215,30
207215,31
207215,32
207215,33
207215,34
207215,35
207215,36
207215,37
207215,38
207215,39
207215,4
207215,40
207215,5
207215,6
207215,7
207215,8
207215,9
207218,1
207218,10
207218,11
207218,12
207218,13
207218,14
207218,15
207218,16
207218,17
207218,18
207218,19
207218,2
207218,20
207218,3
207218,4
207218,5
207218,6
207218,7
207218,8
207218,9
207242,1
207242,10
207242,11
207242,12
207242,13
207242,14
207242,15
207242,16
207242,17
207242,18
207242,19
207242,2
207242,20
207242,21
207242,22
207242,23
207242,24
207242,25
207242,26
207242,27
207242,28
207242,29
207242,3
207242,4
207242,5
207242,6
207242,7
207242,8
207242,9
207245,1
207245,10
207245,11
207245,12
207245,13
207245,14
207245,15
207245,16
207245,17
207245,18
207245,19
207245,2
207245,20
207245,21
207245,22
207245,23
207245,24
207245,25
207245,26
207245,27
207245,28
207245,29
207245,3
207245,30
207245,31
207245,32
207245,33
207245,34
207245,35
207245,36
207245,37
207245,38
207245,39
207245,4
207245,40
207245,5
207245,6
207245,7
207245,8
207245,9
207248,1
207248,10
207248,11
207248,12
207248,13
207248,14
207248,15
207248,16
207248,17
207248,18
207248,19
207248,2
207248,20
207248,21
207248,22
207248,23
207248,24
207248,25
207248,26
207248,3
207248,4
207248,5
207248,6
207248,7
207248,8
207248,9
207254,1
207254,10
207254,11
207254,12
207254,13
207254,14
207254,15
207254,16
207254,17
207254,18
207254,19
207254,2
207254,20
207254,21
207254,22
207254,23
207254,24
207254,25
207254,26
207254,27
207254,28
207254,29
207254,3
207254,30
207254,31
207254,32
207254,33
207254,34
207254,35
207254,36
207254,37
207254,38
207254,39
207254,4
207254,5
207254,6
207254,7
207254,8
207254,9
207260,1
207260,10
207260,11
207260,12
207260,13
207260,14
207260,15
207260,16
207260,17
207260,18
207260,19
207260,2
207260,20
207260,21
207260,22
207260,23
207260,24
207260,25
207260,26
207260,27
207260,28
207260,29
207260,3
207260,30
207260,31
207260,32
207260,33
207260,34
207260,35
207260,36
207260,37
207260,38
207260,39
207260,4
207260,40
207260,5
207260,6
207260,7
207260,8
207260,9
207266,1
207266,10
207266,11
207266,12
207266,13
207266,14
207266,15
207266,16
207266,17
207266,18
207266,19
207266,2
207266,20
207266,21
207266,22
207266,23
207266,24
207266,25
207266,26
207266,27
207266,28
207266,29
207266,3
207266,30
207266,31
207266,32
207266,33
207266,34
207266,35
207266,36
207266,37
207266,38
207266,39
207266,4
207266,40
207266,5
207266,6
207266,7
207266,8
207266,9
207275,1
207275,10
207275,11
207275,12
207275,13
207275,14
207275,15
207275,16
207275,17
207275,18
207275,19
207275,2
207275,20
207275,21
207275,22
207275,23
207275,24
207275,25
207275,26
207275,27
207275,28
207275,29
207275,3
207275,30
207275,31
207275,32
207275,4
207275,5
207275,6
207275,7
207275,8
207275,9
207278,1
207278,10
207278,11
207278,12
207278,13
207278,14
207278,15
207278,16
207278,17
207278,18
207278,19
207278,2
207278,20
207278,21
207278,22
207278,3
207278,4
207278,5
207278,6
207278,7
207278,8
207278,9
207281,1
207281,10
207281,11
207281,12
207281,13
207281,14
207281,15
207281,16
207281,17
207281,18
207281,19
207281,2
207281,20
207281,21
207281,22
207281,23
207281,24
207281,25
207281,26
207281,27
207281,28
207281,29
207281,3
207281,30
207281,31
207281,32
207281,33
207281,34
207281,35
207281,36
207281,37
207281,38
207281,39
207281,4
207281,40
207281,5
207281,6
207281,7
207281,8
207281,9
207284,1
207284,10
207284,11
207284,12
207284,13
207284,14
207284,15
207284,16
207284,17
207284,18
207284,19
207284,2
207284,20
207284,21
207284,22
207284,23
207284,24
207284,25
207284,26
207284,27
207284,28
207284,29
207284,3
207284,30
207284,31
207284,32
207284,33
207284,34
207284,35
207284,36
207284,37
207284,38
207284,39
207284,4
207284,40
207284,5
207284,6
207284,7
207284,8
207284,9
207302,1
207302,10
207302,11
207302,12
207302,13
207302,14
207302,15
207302,16
207302,17
207302,18
207302,19
207302,2
207302,20
207302,21
207302,22
207302,23
207302,24
207302,25
207302,26
207302,27
207302,28
207302,29
207302,3
207302,30
207302,31
207302,32
207302,33
207302,34
207302,35
207302,36
207302,37
207302,38
207302,4
207302,5
207302,6
207302,7
207302,8
207302,9
207328,1
207328,10
207328,11
207328,12
207328,13
207328,14
207328,15
207328,16
207328,17
207328,18
207328,19
207328,2
207328,20
207328,21
207328,22
207328,23
207328,24
207328,25
207328,26
207328,27
207328,28
207328,3
207328,4
207328,5
207328,6
207328,7
207328,8
207328,9
207334,1
207334,10
207334,11
207334,12
207334,13
207334,14
207334,15
207334,16
207334,17
207334,18
207334,19
207334,2
207334,20
207334,21
207334,22
207334,23
207334,24
207334,25
207334,26
207334,27
207334,28
207334,29
207334,3
207334,30
207334,31
207334,32
207334,33
207334,34
207334,4
207334,5
207334,6
207334,7
207334,8
207334,9
207359,1
207359,10
207359,11
207359,12
207359,13
207359,14
207359,15
207359,16
207359,17
207359,18
207359,19
207359,2
207359,20
207359,21
207359,22
207359,23
207359,24
207359,25
207359,26
207359,27
207359,28
207359,29
207359,3
207359,30
207359,31
207359,32
207359,33
207359,34
207359,35
207359,36
207359,37
207359,38
207359,39
207359,4
207359,40
207359,5
207359,6
207359,7
207359,8
207359,9
207377,1
207377,10
207377,11
207377,12
207377,13
207377,14
207377,15
207377,16
207377,17
207377,18
207377,19
207377,2
207377,20
207377,21
207377,22
207377,23
207377,24
207377,25
207377,26
207377,27
207377,28
207377,29
207377,3
207377,30
207377,31
207377,32
207377,33
207377,34
207377,35
207377,36
207377,4
207377,5
207377,6
207377,7
207377,8
207377,9
207380,1
207380,10
207380,11
207380,12
207380,13
207380,14
207380,15
207380,16
207380,17
207380,18
207380,19
207380,2
207380,20
207380,21
207380,22
207380,23
207380,24
207380,25
207380,26
207380,27
207380,28
207380,29
207380,3
207380,30
207380,31
207380,32
207380,33
207380,34
207380,35
207380,36
207380,37
207380,38
207380,39
207380,4
207380,40
207380,5
207380,6
207380,7
207380,8
207380,9
207392,1
207392,10
207392,11
207392,12
207392,13
207392,14
207392,15
207392,16
207392,17
207392,18
207392,19
207392,2
207392,20
207392,21
207392,22
207392,23
207392,24
207392,25
207392,26
207392,27
207392,28
207392,3
207392,4
207392,5
207392,6
207392,7
207392,8
207392,9
207407,1
207407,10
207407,11
207407,12
207407,13
207407,14
207407,15
207407,16
207407,17
207407,18
207407,19
207407,2
207407,20
207407,21
207407,22
207407,23
207407,24
207407,25
207407,26
207407,27
207407,28
207407,29
207407,3
207407,30
207407,31
207407,32
207407,33
207407,34
207407,35
207407,36
207407,4
207407,5
207407,6
207407,7
207407,8
207407,9
207413,1
207413,10
207413,11
207413,12
207413,13
207413,14
207413,15
207413,16
207413,17
207413,18
207413,19
207413,2
207413,20
207413,21
207413,22
207413,23
207413,24
207413,25
207413,26
207413,27
207413,28
207413,29
207413,3
207413,30
207413,31
207413,32
207413,33
207413,34
207413,35
207413,36
207413,37
207413,38
207413,39
207413,4
207413,40
207413,5
207413,6
207413,7
207413,8
207413,9
207440,1
207440,10
207440,11
207440,12
207440,13
207440,14
207440,15
207440,16
207440,17
207440,18
207440,19
207440,2
207440,20
207440,21
207440,22
207440,23
207440,24
207440,25
207440,26
207440,27
207440,28
207440,29
207440,3
207440,30
207440,31
207440,32
207440,33
207440,34
207440,35
207440,36
207440,37
207440,38
207440,39
207440,4
207440,40
207440,5
207440,6
207440,7
207440,8
207440,9
207449,1
207449,10
207449,11
207449,12
207449,13
207449,14
207449,15
207449,16
207449,17
207449,18
207449,19
207449,2
207449,20
207449,21
207449,22
207449,23
207449,24
207449,25
207449,26
207449,27
207449,28
207449,29
207449,3
207449,30
207449,31
207449,32
207449,33
207449,34
207449,35
207449,36
207449,37
207449,38
207449,39
207449,4
207449,40
207449,5
207449,6
207449,7
207449,8
207449,9
207461,1
207461,10
207461,11
207461,12
207461,13
207461,14
207461,15
207461,16
207461,17
207461,18
207461,19
207461,2
207461,20
207461,21
207461,22
207461,23
207461,24
207461,25
207461,26
207461,27
207461,28
207461,29
207461,3
207461,30
207461,31
207461,32
207461,33
207461,34
207461,35
207461,36
207461,37
207461,38
207461,39
207461,4
207461,40
207461,5
207461,6
207461,7
207461,8
207461,9
207464,1
207464,10
207464,11
207464,12
207464,13
207464,14
207464,15
207464,16
207464,17
207464,18
207464,19
207464,2
207464,20
207464,21
207464,22
207464,23
207464,24
207464,25
207464,26
207464,27
207464,28
207464,29
207464,3
207464,30
207464,31
207464,32
207464,33
207464,34
207464,4
207464,5
207464,6
207464,7
207464,8
207464,9
207467,1
207467,10
207467,11
207467,12
207467,13
207467,14
207467,15
207467,16
207467,17
207467,18
207467,19
207467,2
207467,20
207467,21
207467,3
207467,4
207467,5
207467,6
207467,7
207467,8
207467,9
207470,1
207470,10
207470,11
207470,12
207470,13
207470,14
207470,15
207470,16
207470,17
207470,18
207470,19
207470,2
207470,20
207470,21
207470,22
207470,23
207470,24
207470,25
207470,26
207470,27
207470,28
207470,29
207470,3
207470,30
207470,31
207470,32
207470,33
207470,4
207470,5
207470,6
207470,7
207470,8
207470,9
207482,1
207482,10
207482,11
207482,12
207482,13
207482,14
207482,15
207482,16
207482,17
207482,18
207482,19
207482,2
207482,20
207482,21
207482,22
207482,23
207482,24
207482,25
207482,26
207482,27
207482,28
207482,29
207482,3
207482,30
207482,31
207482,32
207482,33
207482,34
207482,35
207482,36
207482,37
207482,38
207482,39
207482,4
207482,40
207482,5
207482,6
207482,7
207482,8
207482,9
207485,1
207485,10
207485,11
207485,12
207485,13
207485,14
207485,15
207485,16
207485,17
207485,18
207485,19
207485,2
207485,20
207485,21
207485,22
207485,23
207485,24
207485,25
207485,26
207485,27
207485,28
207485,29
207485,3
207485,30
207485,4
207485,5
207485,6
207485,7
207485,8
207485,9
207488,1
207488,10
207488,11
207488,12
207488,13
207488,14
207488,15
207488,16
207488,2
207488,3
207488,4
207488,5
207488,6
207488,7
207488,8
207488,9
207503,1
207503,10
207503,11
207503,12
207503,13
207503,14
207503,15
207503,16
207503,17
207503,18
207503,19
207503,2
207503,20
207503,3
207503,4
207503,5
207503,6
207503,7
207503,8
207503,9
207506,1
207506,10
207506,11
207506,12
207506,13
207506,14
207506,15
207506,16
207506,17
207506,18
207506,19
207506,2
207506,20
207506,21
207506,22
207506,23
207506,24
207506,25
207506,26
207506,27
207506,28
207506,29
207506,3
207506,30
207506,31
207506,32
207506,33
207506,34
207506,35
207506,36
207506,37
207506,38
207506,39
207506,4
207506,40
207506,5
207506,6
207506,7
207506,8
207506,9
207515,1
207515,10
207515,11
207515,12
207515,13
207515,14
207515,15
207515,16
207515,17
207515,18
207515,19
207515,2
207515,20
207515,21
207515,22
207515,23
207515,24
207515,25
207515,26
207515,27
207515,28
207515,3
207515,4
207515,5
207515,6
207515,7
207515,8
207515,9
207518,1
207518,10
207518,11
207518,12
207518,13
207518,14
207518,15
207518,16
207518,17
207518,18
207518,2
207518,3
207518,4
207518,5
207518,6
207518,7
207518,8
207518,9
207527,1
207527,10
207527,11
207527,12
207527,13
207527,14
207527,15
207527,16
207527,17
207527,18
207527,19
207527,2
207527,20
207527,21
207527,22
207527,23
207527,24
207527,25
207527,26
207527,27
207527,28
207527,29
207527,3
207527,30
207527,31
207527,32
207527,33
207527,34
207527,35
207527,4
207527,5
207527,6
207527,7
207527,8
207527,9
207539,1
207539,10
207539,11
207539,12
207539,13
207539,14
207539,15
207539,16
207539,17
207539,18
207539,19
207539,2
207539,20
207539,21
207539,22
207539,23
207539,24
207539,3
207539,4
207539,5
207539,6
207539,7
207539,8
207539,9
207542,1
207542,10
207542,11
207542,12
207542,13
207542,14
207542,15
207542,16
207542,17
207542,18
207542,19
207542,2
207542,20
207542,21
207542,22
207542,23
207542,24
207542,3
207542,4
207542,5
207542,6
207542,7
207542,8
207542,9
207560,1
207560,10
207560,11
207560,12
207560,13
207560,14
207560,15
207560,16
207560,17
207560,18
207560,19
207560,2
207560,20
207560,21
207560,22
207560,23
207560,24
207560,25
207560,26
207560,27
207560,28
207560,29
207560,3
207560,30
207560,31
207560,4
207560,5
207560,6
207560,7
207560,8
207560,9
207572,1
207572,10
207572,11
207572,12
207572,13
207572,14
207572,15
207572,16
207572,17
207572,18
207572,19
207572,2
207572,20
207572,3
207572,4
207572,5
207572,6
207572,7
207572,8
207572,9
207593,1
207593,10
207593,11
207593,12
207593,13
207593,14
207593,15
207593,16
207593,17
207593,18
207593,19
207593,2
207593,20
207593,21
207593,22
207593,23
207593,24
207593,25
207593,26
207593,27
207593,28
207593,29
207593,3
207593,30
207593,31
207593,32
207593,33
207593,34
207593,35
207593,36
207593,37
207593,38
207593,39
207593,4
207593,40
207593,5
207593,6
207593,7
207593,8
207593,9
207599,1
207599,10
207599,11
207599,12
207599,13
207599,14
207599,15
207599,16
207599,17
207599,18
207599,19
207599,2
207599,20
207599,21
207599,22
207599,3
207599,4
207599,5
207599,6
207599,7
207599,8
207599,9
207605,1
207605,10
207605,11
207605,12
207605,13
207605,14
207605,15
207605,16
207605,17
207605,18
207605,19
207605,2
207605,20
207605,21
207605,22
207605,23
207605,24
207605,25
207605,26
207605,27
207605,28
207605,29
207605,3
207605,30
207605,31
207605,32
207605,33
207605,34
207605,35
207605,36
207605,37
207605,38
207605,39
207605,4
207605,40
207605,5
207605,6
207605,7
207605,8
207605,9
207611,1
207611,10
207611,11
207611,12
207611,13
207611,14
207611,15
207611,16
207611,17
207611,18
207611,19
207611,2
207611,20
207611,21
207611,22
207611,23
207611,24
207611,25
207611,26
207611,27
207611,28
207611,29
207611,3
207611,30
207611,31
207611,32
207611,33
207611,34
207611,35
207611,36
207611,37
207611,38
207611,39
207611,4
207611,40
207611,5
207611,6
207611,7
207611,8
207611,9
207614,1
207614,10
207614,11
207614,12
207614,13
207614,14
207614,15
207614,16
207614,17
207614,18
207614,19
207614,2
207614,20
207614,21
207614,22
207614,23
207614,24
207614,25
207614,26
207614,27
207614,28
207614,3
207614,4
207614,5
207614,6
207614,7
207614,8
207614,9
207632,1
207632,10
207632,11
207632,12
207632,13
207632,14
207632,15
207632,16
207632,17
207632,18
207632,19
207632,2
207632,20
207632,21
207632,22
207632,23
207632,24
207632,25
207632,26
207632,27
207632,28
207632,29
207632,3
207632,30
207632,31
207632,32
207632,4
207632,5
207632,6
207632,7
207632,8
207632,9
207641,1
207641,10
207641,11
207641,12
207641,13
207641,14
207641,15
207641,16
207641,17
207641,18
207641,19
207641,2
207641,20
207641,3
207641,4
207641,5
207641,6
207641,7
207641,8
207641,9
207662,1
207662,10
207662,11
207662,12
207662,13
207662,14
207662,15
207662,16
207662,17
207662,18
207662,19
207662,2
207662,20
207662,21
207662,22
207662,23
207662,24
207662,25
207662,26
207662,27
207662,28
207662,29
207662,3
207662,30
207662,31
207662,32
207662,33
207662,34
207662,35
207662,4
207662,5
207662,6
207662,7
207662,8
207662,9
207674,1
207674,10
207674,11
207674,12
207674,13
207674,14
207674,15
207674,16
207674,17
207674,18
207674,19
207674,2
207674,20
207674,21
207674,22
207674,23
207674,24
207674,25
207674,26
207674,27
207674,28
207674,3
207674,4
207674,5
207674,6
207674,7
207674,8
207674,9
207702,1
207702,10
207702,11
207702,12
207702,13
207702,14
207702,15
207702,16
207702,17
207702,18
207702,19
207702,2
207702,20
207702,3
207702,4
207702,5
207702,6
207702,7
207702,8
207702,9
207708,1
207708,10
207708,11
207708,12
207708,13
207708,14
207708,15
207708,16
207708,17
207708,18
207708,19
207708,2
207708,20
207708,21
207708,22
207708,23
207708,24
207708,25
207708,26
207708,27
207708,28
207708,29
207708,3
207708,30
207708,31
207708,32
207708,33
207708,34
207708,35
207708,36
207708,37
207708,38
207708,39
207708,4
207708,40
207708,5
207708,6
207708,7
207708,8
207708,9
207711,1
207711,10
207711,11
207711,12
207711,13
207711,14
207711,15
207711,16
207711,17
207711,18
207711,19
207711,2
207711,20
207711,21
207711,22
207711,23
207711,24
207711,25
207711,3
207711,4
207711,5
207711,6
207711,7
207711,8
207711,9
207717,1
207717,10
207717,11
207717,12
207717,13
207717,14
207717,15
207717,16
207717,17
207717,18
207717,19
207717,2
207717,20
207717,21
207717,22
207717,23
207717,24
207717,25
207717,3
207717,4
207717,5
207717,6
207717,7
207717,8
207717,9
207726,1
207726,10
207726,11
207726,12
207726,13
207726,14
207726,15
207726,16
207726,17
207726,18
207726,19
207726,2
207726,20
207726,21
207726,22
207726,23
207726,24
207726,25
207726,26
207726,27
207726,28
207726,29
207726,3
207726,30
207726,31
207726,32
207726,33
207726,34
207726,35
207726,4
207726,5
207726,6
207726,7
207726,8
207726,9
207732,1
207732,10
207732,11
207732,12
207732,13
207732,14
207732,15
207732,16
207732,17
207732,18
207732,2
207732,3
207732,4
207732,5
207732,6
207732,7
207732,8
207732,9
207735,1
207735,10
207735,11
207735,12
207735,13
207735,14
207735,15
207735,16
207735,17
207735,18
207735,19
207735,2
207735,20
207735,21
207735,22
207735,23
207735,24
207735,25
207735,26
207735,3
207735,4
207735,5
207735,6
207735,7
207735,8
207735,9
207741,1
207741,10
207741,11
207741,12
207741,13
207741,14
207741,15
207741,16
207741,17
207741,18
207741,19
207741,2
207741,20
207741,21
207741,22
207741,23
207741,24
207741,25
207741,26
207741,27
207741,28
207741,29
207741,3
207741,30
207741,31
207741,32
207741,33
207741,34
207741,35
207741,4
207741,5
207741,6
207741,7
207741,8
207741,9
207753,1
207753,10
207753,11
207753,12
207753,13
207753,14
207753,15
207753,16
207753,17
207753,18
207753,19
207753,2
207753,20
207753,21
207753,3
207753,4
207753,5
207753,6
207753,7
207753,8
207753,9
207759,1
207759,10
207759,11
207759,12
207759,13
207759,14
207759,15
207759,16
207759,17
207759,18
207759,19
207759,2
207759,20
207759,21
207759,22
207759,23
207759,24
207759,25
207759,26
207759,27
207759,28
207759,29
207759,3
207759,30
207759,31
207759,32
207759,33
207759,34
207759,35
207759,36
207759,37
207759,38
207759,39
207759,4
207759,40
207759,5
207759,6
207759,7
207759,8
207759,9
207768,1
207768,10
207768,11
207768,12
207768,13
207768,14
207768,15
207768,16
207768,17
207768,18
207768,19
207768,2
207768,20
207768,21
207768,22
207768,23
207768,3
207768,4
207768,5
207768,6
207768,7
207768,8
207768,9
207780,1
207780,10
207780,11
207780,12
207780,13
207780,14
207780,15
207780,16
207780,17
207780,18
207780,19
207780,2
207780,20
207780,21
207780,22
207780,23
207780,24
207780,25
207780,26
207780,27
207780,28
207780,29
207780,3
207780,30
207780,31
207780,32
207780,33
207780,34
207780,35
207780,36
207780,37
207780,38
207780,39
207780,4
207780,40
207780,5
207780,6
207780,7
207780,8
207780,9
207783,1
207783,10
207783,11
207783,12
207783,13
207783,14
207783,15
207783,16
207783,17
207783,18
207783,19
207783,2
207783,20
207783,21
207783,22
207783,23
207783,24
207783,25
207783,26
207783,27
207783,28
207783,29
207783,3
207783,30
207783,31
207783,32
207783,33
207783,34
207783,35
207783,36
207783,37
207783,38
207783,39
207783,4
207783,40
207783,5
207783,6
207783,7
207783,8
207783,9
207792,1
207792,10
207792,11
207792,12
207792,13
207792,14
207792,15
207792,16
207792,17
207792,18
207792,19
207792,2
207792,20
207792,21
207792,22
207792,23
207792,24
207792,25
207792,26
207792,27
207792,28
207792,29
207792,3
207792,30
207792,31
207792,32
207792,33
207792,34
207792,35
207792,36
207792,37
207792,38
207792,39
207792,4
207792,40
207792,5
207792,6
207792,7
207792,8
207792,9
207795,1
207795,10
207795,11
207795,12
207795,13
207795,14
207795,15
207795,16
207795,17
207795,18
207795,19
207795,2
207795,20
207795,21
207795,22
207795,23
207795,24
207795,25
207795,26
207795,27
207795,28
207795,29
207795,3
207795,30
207795,31
207795,32
207795,33
207795,34
207795,35
207795,36
207795,37
207795,38
207795,39
207795,4
207795,40
207795,5
207795,6
207795,7
207795,8
207795,9
207798,1
207798,10
207798,11
207798,12
207798,13
207798,14
207798,15
207798,16
207798,17
207798,18
207798,19
207798,2
207798,20
207798,21
207798,3
207798,4
207798,5
207798,6
207798,7
207798,8
207798,9
207810,1
207810,10
207810,11
207810,12
207810,13
207810,14
207810,15
207810,16
207810,17
207810,18
207810,19
207810,2
207810,20
207810,21
207810,22
207810,23
207810,24
207810,25
207810,26
207810,27
207810,28
207810,29
207810,3
207810,30
207810,31
207810,32
207810,33
207810,34
207810,35
207810,36
207810,37
207810,38
207810,39
207810,4
207810,40
207810,5
207810,6
207810,7
207810,8
207810,9
207825,1
207825,10
207825,11
207825,12
207825,13
207825,14
207825,15
207825,16
207825,17
207825,18
207825,19
207825,2
207825,20
207825,21
207825,22
207825,23
207825,24
207825,25
207825,26
207825,27
207825,28
207825,29
207825,3
207825,30
207825,31
207825,32
207825,33
207825,34
207825,35
207825,4
207825,5
207825,6
207825,7
207825,8
207825,9
207831,1
207831,10
207831,11
207831,12
207831,13
207831,14
207831,15
207831,16
207831,17
207831,18
207831,19
207831,2
207831,20
207831,21
207831,22
207831,23
207831,24
207831,25
207831,26
207831,27
207831,28
207831,29
207831,3
207831,30
207831,31
207831,32
207831,33
207831,34
207831,35
207831,36
207831,37
207831,38
207831,39
207831,4
207831,40
207831,5
207831,6
207831,7
207831,8
207831,9
207843,1
207843,10
207843,11
207843,12
207843,13
207843,14
207843,15
207843,16
207843,17
207843,18
207843,19
207843,2
207843,20
207843,21
207843,22
207843,23
207843,24
207843,25
207843,26
207843,27
207843,28
207843,29
207843,3
207843,30
207843,31
207843,32
207843,33
207843,34
207843,35
207843,36
207843,37
207843,38
207843,39
207843,4
207843,40
207843,5
207843,6
207843,7
207843,8
207843,9
207852,1
207852,10
207852,11
207852,12
207852,13
207852,14
207852,15
207852,16
207852,17
207852,18
207852,19
207852,2
207852,20
207852,21
207852,22
207852,23
207852,24
207852,25
207852,26
207852,27
207852,28
207852,29
207852,3
207852,30
207852,31
207852,32
207852,33
207852,34
207852,4
207852,5
207852,6
207852,7
207852,8
207852,9
207864,1
207864,10
207864,11
207864,12
207864,13
207864,14
207864,15
207864,16
207864,17
207864,18
207864,19
207864,2
207864,20
207864,21
207864,22
207864,23
207864,24
207864,25
207864,26
207864,27
207864,28
207864,29
207864,3
207864,4
207864,5
207864,6
207864,7
207864,8
207864,9
207867,1
207867,10
207867,11
207867,12
207867,13
207867,14
207867,15
207867,16
207867,17
207867,18
207867,19
207867,2
207867,20
207867,21
207867,22
207867,23
207867,24
207867,25
207867,26
207867,27
207867,28
207867,29
207867,3
207867,30
207867,31
207867,32
207867,33
207867,34
207867,35
207867,36
207867,4
207867,5
207867,6
207867,7
207867,8
207867,9
207870,1
207870,10
207870,11
207870,12
207870,13
207870,14
207870,15
207870,16
207870,17
207870,18
207870,19
207870,2
207870,20
207870,21
207870,22
207870,23
207870,24
207870,25
207870,26
207870,27
207870,28
207870,29
207870,3
207870,30
207870,31
207870,32
207870,33
207870,34
207870,4
207870,5
207870,6
207870,7
207870,8
207870,9
207873,1
207873,10
207873,11
207873,12
207873,13
207873,14
207873,15
207873,16
207873,17
207873,18
207873,19
207873,2
207873,20
207873,21
207873,22
207873,23
207873,24
207873,25
207873,26
207873,27
207873,28
207873,29
207873,3
207873,30
207873,31
207873,4
207873,5
207873,6
207873,7
207873,8
207873,9
207882,1
207882,10
207882,11
207882,12
207882,13
207882,14
207882,15
207882,16
207882,17
207882,18
207882,19
207882,2
207882,20
207882,21
207882,22
207882,23
207882,24
207882,25
207882,26
207882,27
207882,28
207882,29
207882,3
207882,30
207882,31
207882,32
207882,4
207882,5
207882,6
207882,7
207882,8
207882,9
207894,1
207894,10
207894,11
207894,12
207894,13
207894,14
207894,15
207894,16
207894,17
207894,18
207894,19
207894,2
207894,20
207894,21
207894,22
207894,23
207894,24
207894,25
207894,26
207894,27
207894,28
207894,29
207894,3
207894,30
207894,31
207894,32
207894,33
207894,34
207894,35
207894,36
207894,37
207894,38
207894,39
207894,4
207894,40
207894,5
207894,6
207894,7
207894,8
207894,9
207912,1
207912,10
207912,11
207912,12
207912,13
207912,14
207912,15
207912,16
207912,17
207912,18
207912,19
207912,2
207912,20
207912,21
207912,22
207912,23
207912,24
207912,25
207912,26
207912,27
207912,28
207912,29
207912,3
207912,30
207912,31
207912,32
207912,33
207912,34
207912,35
207912,36
207912,37
207912,38
207912,39
207912,4
207912,40
207912,5
207912,6
207912,7
207912,8
207912,9
207945,1
207945,10
207945,11
207945,12
207945,13
207945,14
207945,15
207945,16
207945,17
207945,18
207945,19
207945,2
207945,20
207945,21
207945,22
207945,23
207945,24
207945,25
207945,26
207945,27
207945,28
207945,29
207945,3
207945,4
207945,5
207945,6
207945,7
207945,8
207945,9
207966,1
207966,10
207966,11
207966,12
207966,13
207966,14
207966,15
207966,16
207966,17
207966,18
207966,19
207966,2
207966,20
207966,21
207966,22
207966,23
207966,24
207966,25
207966,26
207966,27
207966,28
207966,29
207966,3
207966,30
207966,31
207966,32
207966,33
207966,34
207966,35
207966,36
207966,37
207966,38
207966,39
207966,4
207966,5
207966,6
207966,7
207966,8
207966,9
207969,1
207969,10
207969,11
207969,12
207969,13
207969,14
207969,15
207969,16
207969,17
207969,18
207969,19
207969,2
207969,20
207969,21
207969,22
207969,23
207969,24
207969,25
207969,26
207969,27
207969,28
207969,29
207969,3
207969,30
207969,31
207969,32
207969,33
207969,34
207969,35
207969,36
207969,37
207969,38
207969,4
207969,5
207969,6
207969,7
207969,8
207969,9
207993,1
207993,10
207993,11
207993,12
207993,13
207993,14
207993,15
207993,16
207993,17
207993,18
207993,19
207993,2
207993,20
207993,21
207993,22
207993,23
207993,24
207993,25
207993,26
207993,3
207993,4
207993,5
207993,6
207993,7
207993,8
207993,9
208002,1
208002,10
208002,11
208002,12
208002,13
208002,14
208002,15
208002,16
208002,17
208002,18
208002,2
208002,3
208002,4
208002,5
208002,6
208002,7
208002,8
208002,9
208022,1
208022,10
208022,11
208022,12
208022,13
208022,14
208022,15
208022,16
208022,17
208022,18
208022,19
208022,2
208022,20
208022,21
208022,22
208022,23
208022,24
208022,25
208022,26
208022,27
208022,28
208022,29
208022,3
208022,30
208022,31
208022,32
208022,4
208022,5
208022,6
208022,7
208022,8
208022,9
208025,1
208025,10
208025,11
208025,12
208025,13
208025,14
208025,15
208025,16
208025,17
208025,18
208025,19
208025,2
208025,20
208025,21
208025,22
208025,23
208025,24
208025,25
208025,26
208025,27
208025,28
208025,29
208025,3
208025,30
208025,31
208025,32
208025,33
208025,34
208025,35
208025,36
208025,37
208025,38
208025,39
208025,4
208025,40
208025,5
208025,6
208025,7
208025,8
208025,9
208028,1
208028,10
208028,11
208028,12
208028,13
208028,14
208028,15
208028,16
208028,17
208028,18
208028,19
208028,2
208028,20
208028,21
208028,22
208028,23
208028,24
208028,25
208028,26
208028,27
208028,28
208028,29
208028,3
208028,30
208028,31
208028,32
208028,33
208028,34
208028,35
208028,36
208028,37
208028,38
208028,4
208028,5
208028,6
208028,7
208028,8
208028,9
208031,1
208031,10
208031,11
208031,12
208031,13
208031,14
208031,15
208031,16
208031,17
208031,18
208031,19
208031,2
208031,20
208031,21
208031,22
208031,23
208031,24
208031,25
208031,26
208031,27
208031,28
208031,29
208031,3
208031,30
208031,31
208031,32
208031,33
208031,34
208031,35
208031,4
208031,5
208031,6
208031,7
208031,8
208031,9
208034,1
208034,10
208034,11
208034,12
208034,13
208034,14
208034,15
208034,16
208034,17
208034,18
208034,19
208034,2
208034,20
208034,3
208034,4
208034,5
208034,6
208034,7
208034,8
208034,9
208049,1
208049,10
208049,11
208049,12
208049,13
208049,14
208049,15
208049,16
208049,17
208049,18
208049,19
208049,2
208049,20
208049,21
208049,22
208049,23
208049,24
208049,25
208049,26
208049,27
208049,28
208049,29
208049,3
208049,30
208049,31
208049,32
208049,33
208049,34
208049,4
208049,5
208049,6
208049,7
208049,8
208049,9
208052,1
208052,10
208052,11
208052,12
208052,13
208052,14
208052,15
208052,16
208052,17
208052,18
208052,19
208052,2
208052,20
208052,21
208052,22
208052,23
208052,24
208052,25
208052,26
208052,27
208052,28
208052,29
208052,3
208052,30
208052,31
208052,32
208052,33
208052,34
208052,35
208052,36
208052,37
208052,38
208052,39
208052,4
208052,40
208052,5
208052,6
208052,7
208052,8
208052,9
208055,1
208055,10
208055,11
208055,12
208055,13
208055,14
208055,15
208055,16
208055,17
208055,18
208055,19
208055,2
208055,20
208055,21
208055,22
208055,23
208055,24
208055,25
208055,26
208055,27
208055,28
208055,29
208055,3
208055,30
208055,31
208055,32
208055,33
208055,34
208055,35
208055,36
208055,37
208055,38
208055,39
208055,4
208055,40
208055,5
208055,6
208055,7
208055,8
208055,9
208064,1
208064,10
208064,11
208064,12
208064,13
208064,14
208064,15
208064,16
208064,17
208064,18
208064,19
208064,2
208064,20
208064,21
208064,22
208064,23
208064,24
208064,25
208064,26
208064,27
208064,28
208064,29
208064,3
208064,30
208064,31
208064,32
208064,33
208064,34
208064,35
208064,36
208064,37
208064,38
208064,39
208064,4
208064,40
208064,5
208064,6
208064,7
208064,8
208064,9
208067,1
208067,10
208067,11
208067,12
208067,13
208067,14
208067,15
208067,16
208067,17
208067,18
208067,19
208067,2
208067,20
208067,21
208067,22
208067,23
208067,24
208067,25
208067,26
208067,27
208067,28
208067,3
208067,4
208067,5
208067,6
208067,7
208067,8
208067,9
208070,1
208070,10
208070,11
208070,12
208070,13
208070,14
208070,15
208070,16
208070,2
208070,3
208070,4
208070,5
208070,6
208070,7
208070,8
208070,9
208094,1
208094,10
208094,11
208094,12
208094,13
208094,14
208094,15
208094,16
208094,17
208094,18
208094,19
208094,2
208094,20
208094,21
208094,22
208094,3
208094,4
208094,5
208094,6
208094,7
208094,8
208094,9
208103,1
208103,10
208103,11
208103,12
208103,13
208103,14
208103,15
208103,16
208103,17
208103,18
208103,19
208103,2
208103,20
208103,21
208103,22
208103,23
208103,24
208103,25
208103,26
208103,27
208103,28
208103,29
208103,3
208103,30
208103,31
208103,32
208103,33
208103,34
208103,35
208103,36
208103,37
208103,38
208103,39
208103,4
208103,40
208103,5
208103,6
208103,7
208103,8
208103,9
208118,1
208118,10
208118,11
208118,12
208118,13
208118,14
208118,15
208118,16
208118,17
208118,18
208118,19
208118,2
208118,20
208118,21
208118,22
208118,23
208118,24
208118,25
208118,26
208118,27
208118,28
208118,29
208118,3
208118,30
208118,31
208118,32
208118,33
208118,34
208118,35
208118,36
208118,37
208118,38
208118,39
208118,4
208118,40
208118,5
208118,6
208118,7
208118,8
208118,9
208124,1
208124,10
208124,11
208124,12
208124,13
208124,14
208124,15
208124,16
208124,17
208124,18
208124,19
208124,2
208124,20
208124,21
208124,22
208124,23
208124,24
208124,25
208124,26
208124,27
208124,28
208124,29
208124,3
208124,30
208124,31
208124,32
208124,33
208124,34
208124,35
208124,36
208124,37
208124,38
208124,39
208124,4
208124,40
208124,5
208124,6
208124,7
208124,8
208124,9
208127,1
208127,10
208127,11
208127,12
208127,13
208127,14
208127,15
208127,16
208127,17
208127,18
208127,19
208127,2
208127,20
208127,21
208127,22
208127,23
208127,24
208127,25
208127,26
208127,27
208127,28
208127,29
208127,3
208127,30
208127,31
208127,32
208127,33
208127,34
208127,35
208127,36
208127,37
208127,38
208127,39
208127,4
208127,40
208127,5
208127,6
208127,7
208127,8
208127,9
208136,1
208136,10
208136,11
208136,12
208136,13
208136,14
208136,15
208136,16
208136,17
208136,18
208136,19
208136,2
208136,20
208136,21
208136,22
208136,23
208136,24
208136,25
208136,26
208136,27
208136,28
208136,29
208136,3
208136,30
208136,31
208136,32
208136,33
208136,34
208136,35
208136,36
208136,37
208136,38
208136,39
208136,4
208136,40
208136,5
208136,6
208136,7
208136,8
208136,9
208139,1
208139,10
208139,11
208139,12
208139,13
208139,14
208139,15
208139,16
208139,17
208139,18
208139,19
208139,2
208139,20
208139,21
208139,22
208139,23
208139,24
208139,25
208139,26
208139,27
208139,28
208139,29
208139,3
208139,30
208139,31
208139,32
208139,33
208139,34
208139,35
208139,36
208139,37
208139,38
208139,39
208139,4
208139,40
208139,5
208139,6
208139,7
208139,8
208139,9
208148,1
208148,10
208148,11
208148,12
208148,13
208148,14
208148,15
208148,16
208148,17
208148,18
208148,2
208148,3
208148,4
208148,5
208148,6
208148,7
208148,8
208148,9
208157,1
208157,10
208157,11
208157,12
208157,13
208157,14
208157,15
208157,16
208157,17
208157,18
208157,19
208157,2
208157,20
208157,21
208157,22
208157,23
208157,24
208157,25
208157,26
208157,27
208157,28
208157,29
208157,3
208157,30
208157,31
208157,32
208157,33
208157,34
208157,35
208157,36
208157,4
208157,5
208157,6
208157,7
208157,8
208157,9
208169,1
208169,10
208169,11
208169,12
208169,13
208169,14
208169,15
208169,16
208169,17
208169,18
208169,19
208169,2
208169,20
208169,21
208169,22
208169,23
208169,24
208169,25
208169,26
208169,27
208169,28
208169,29
208169,3
208169,30
208169,31
208169,32
208169,33
208169,34
208169,35
208169,36
208169,37
208169,38
208169,39
208169,4
208169,40
208169,5
208169,6
208169,7
208169,8
208169,9
208172,1
208172,10
208172,11
208172,12
208172,13
208172,14
208172,15
208172,16
208172,17
208172,18
208172,19
208172,2
208172,20
208172,21
208172,22
208172,23
208172,24
208172,25
208172,26
208172,27
208172,28
208172,29
208172,3
208172,30
208172,31
208172,32
208172,33
208172,34
208172,35
208172,36
208172,37
208172,38
208172,39
208172,4
208172,40
208172,5
208172,6
208172,7
208172,8
208172,9
208181,1
208181,10
208181,11
208181,12
208181,13
208181,14
208181,15
208181,16
208181,17
208181,18
208181,19
208181,2
208181,20
208181,21
208181,22
208181,23
208181,24
208181,25
208181,26
208181,27
208181,28
208181,29
208181,3
208181,30
208181,31
208181,32
208181,33
208181,34
208181,35
208181,36
208181,37
208181,38
208181,39
208181,4
208181,5
208181,6
208181,7
208181,8
208181,9
208184,1
208184,10
208184,11
208184,12
208184,13
208184,14
208184,15
208184,16
208184,17
208184,18
208184,19
208184,2
208184,20
208184,21
208184,22
208184,23
208184,24
208184,25
208184,26
208184,27
208184,28
208184,29
208184,3
208184,30
208184,31
208184,32
208184,33
208184,34
208184,35
208184,36
208184,37
208184,38
208184,39
208184,4
208184,40
208184,5
208184,6
208184,7
208184,8
208184,9
208190,1
208190,10
208190,11
208190,12
208190,13
208190,14
208190,15
208190,16
208190,17
208190,18
208190,19
208190,2
208190,20
208190,21
208190,22
208190,23
208190,24
208190,25
208190,26
208190,27
208190,28
208190,29
208190,3
208190,30
208190,31
208190,32
208190,33
208190,34
208190,35
208190,36
208190,37
208190,4
208190,5
208190,6
208190,7
208190,8
208190,9
208196,1
208196,10
208196,11
208196,12
208196,13
208196,14
208196,15
208196,16
208196,17
208196,18
208196,19
208196,2
208196,20
208196,21
208196,22
208196,23
208196,24
208196,25
208196,26
208196,27
208196,28
208196,29
208196,3
208196,30
208196,31
208196,32
208196,33
208196,34
208196,35
208196,36
208196,37
208196,38
208196,39
208196,4
208196,40
208196,5
208196,6
208196,7
208196,8
208196,9
208229,1
208229,10
208229,11
208229,12
208229,13
208229,14
208229,15
208229,16
208229,17
208229,18
208229,19
208229,2
208229,20
208229,21
208229,22
208229,23
208229,24
208229,25
208229,26
208229,27
208229,28
208229,29
208229,3
208229,30
208229,31
208229,32
208229,33
208229,34
208229,35
208229,36
208229,37
208229,38
208229,39
208229,4
208229,40
208229,5
208229,6
208229,7
208229,8
208229,9
208241,1
208241,10
208241,11
208241,12
208241,13
208241,14
208241,15
208241,16
208241,17
208241,18
208241,19
208241,2
208241,20
208241,21
208241,22
208241,23
208241,24
208241,25
208241,26
208241,27
208241,28
208241,29
208241,3
208241,30
208241,31
208241,32
208241,33
208241,34
208241,35
208241,36
208241,37
208241,38
208241,39
208241,4
208241,40
208241,5
208241,6
208241,7
208241,8
208241,9
208244,1
208244,10
208244,11
208244,12
208244,13
208244,14
208244,15
208244,16
208244,17
208244,18
208244,19
208244,2
208244,20
208244,21
208244,22
208244,23
208244,24
208244,25
208244,26
208244,27
208244,28
208244,29
208244,3
208244,30
208244,31
208244,32
208244,33
208244,34
208244,35
208244,36
208244,37
208244,38
208244,39
208244,4
208244,40
208244,5
208244,6
208244,7
208244,8
208244,9
208247,1
208247,10
208247,11
208247,12
208247,13
208247,14
208247,15
208247,16
208247,17
208247,18
208247,19
208247,2
208247,20
208247,21
208247,22
208247,23
208247,24
208247,25
208247,26
208247,3
208247,4
208247,5
208247,6
208247,7
208247,8
208247,9
208253,1
208253,10
208253,11
208253,12
208253,13
208253,14
208253,15
208253,16
208253,17
208253,18
208253,19
208253,2
208253,20
208253,21
208253,22
208253,23
208253,24
208253,25
208253,26
208253,27
208253,28
208253,29
208253,3
208253,30
208253,31
208253,32
208253,4
208253,5
208253,6
208253,7
208253,8
208253,9
208277,1
208277,10
208277,11
208277,12
208277,13
208277,14
208277,15
208277,16
208277,17
208277,18
208277,19
208277,2
208277,20
208277,21
208277,22
208277,23
208277,24
208277,25
208277,26
208277,27
208277,28
208277,29
208277,3
208277,30
208277,31
208277,32
208277,33
208277,34
208277,35
208277,36
208277,37
208277,38
208277,39
208277,4
208277,40
208277,5
208277,6
208277,7
208277,8
208277,9
208283,1
208283,10
208283,11
208283,12
208283,13
208283,14
208283,15
208283,16
208283,17
208283,18
208283,2
208283,3
208283,4
208283,5
208283,6
208283,7
208283,8
208283,9
208286,1
208286,10
208286,11
208286,12
208286,13
208286,14
208286,15
208286,16
208286,17
208286,18
208286,19
208286,2
208286,20
208286,21
208286,22
208286,23
208286,24
208286,25
208286,26
208286,27
208286,28
208286,29
208286,3
208286,30
208286,4
208286,5
208286,6
208286,7
208286,8
208286,9
208289,1
208289,10
208289,11
208289,12
208289,13
208289,14
208289,15
208289,16
208289,17
208289,18
208289,19
208289,2
208289,20
208289,21
208289,22
208289,23
208289,24
208289,25
208289,26
208289,27
208289,3
208289,4
208289,5
208289,6
208289,7
208289,8
208289,9
208310,1
208310,10
208310,11
208310,12
208310,13
208310,14
208310,15
208310,16
208310,17
208310,18
208310,19
208310,2
208310,20
208310,21
208310,22
208310,23
208310,24
208310,25
208310,26
208310,27
208310,28
208310,29
208310,3
208310,30
208310,31
208310,32
208310,33
208310,34
208310,35
208310,36
208310,37
208310,38
208310,39
208310,4
208310,40
208310,5
208310,6
208310,7
208310,8
208310,9
208337,1
208337,10
208337,11
208337,12
208337,13
208337,14
208337,15
208337,16
208337,17
208337,18
208337,19
208337,2
208337,20
208337,21
208337,22
208337,23
208337,24
208337,25
208337,26
208337,27
208337,28
208337,29
208337,3
208337,30
208337,31
208337,32
208337,33
208337,34
208337,35
208337,36
208337,37
208337,38
208337,39
208337,4
208337,40
208337,5
208337,6
208337,7
208337,8
208337,9
208343,1
208343,10
208343,11
208343,12
208343,13
208343,14
208343,15
208343,16
208343,17
208343,18
208343,19
208343,2
208343,20
208343,21
208343,22
208343,23
208343,24
208343,25
208343,26
208343,27
208343,28
208343,29
208343,3
208343,30
208343,31
208343,32
208343,33
208343,34
208343,35
208343,36
208343,37
208343,38
208343,4
208343,5
208343,6
208343,7
208343,8
208343,9
208349,1
208349,10
208349,11
208349,12
208349,13
208349,14
208349,15
208349,16
208349,17
208349,18
208349,19
208349,2
208349,20
208349,21
208349,22
208349,23
208349,24
208349,25
208349,26
208349,27
208349,28
208349,29
208349,3
208349,30
208349,31
208349,32
208349,33
208349,34
208349,35
208349,36
208349,37
208349,38
208349,39
208349,4
208349,40
208349,5
208349,6
208349,7
208349,8
208349,9
208358,1
208358,10
208358,11
208358,12
208358,13
208358,14
208358,15
208358,16
208358,17
208358,18
208358,19
208358,2
208358,20
208358,21
208358,22
208358,23
208358,24
208358,25
208358,26
208358,27
208358,28
208358,29
208358,3
208358,30
208358,31
208358,32
208358,33
208358,34
208358,35
208358,36
208358,37
208358,38
208358,39
208358,4
208358,40
208358,5
208358,6
208358,7
208358,8
208358,9
208379,1
208379,10
208379,11
208379,12
208379,13
208379,14
208379,15
208379,16
208379,17
208379,18
208379,19
208379,2
208379,20
208379,21
208379,22
208379,23
208379,24
208379,25
208379,26
208379,27
208379,3
208379,4
208379,5
208379,6
208379,7
208379,8
208379,9
208382,1
208382,10
208382,11
208382,12
208382,13
208382,14
208382,15
208382,16
208382,17
208382,18
208382,19
208382,2
208382,20
208382,21
208382,22
208382,23
208382,3
208382,4
208382,5
208382,6
208382,7
208382,8
208382,9
208397,1
208397,10
208397,11
208397,12
208397,13
208397,14
208397,15
208397,16
208397,17
208397,18
208397,19
208397,2
208397,20
208397,21
208397,22
208397,23
208397,24
208397,25
208397,26
208397,27
208397,28
208397,29
208397,3
208397,4
208397,5
208397,6
208397,7
208397,8
208397,9
208403,1
208403,10
208403,11
208403,12
208403,13
208403,14
208403,15
208403,16
208403,17
208403,18
208403,19
208403,2
208403,20
208403,21
208403,22
208403,23
208403,24
208403,25
208403,26
208403,27
208403,28
208403,29
208403,3
208403,30
208403,31
208403,32
208403,4
208403,5
208403,6
208403,7
208403,8
208403,9
208412,1
208412,10
208412,11
208412,12
208412,13
208412,14
208412,15
208412,16
208412,17
208412,18
208412,19
208412,2
208412,20
208412,21
208412,22
208412,23
208412,24
208412,25
208412,26
208412,27
208412,28
208412,29
208412,3
208412,30
208412,31
208412,32
208412,33
208412,34
208412,35
208412,36
208412,4
208412,5
208412,6
208412,7
208412,8
208412,9
208418,1
208418,10
208418,11
208418,12
208418,13
208418,14
208418,15
208418,16
208418,17
208418,18
208418,19
208418,2
208418,20
208418,21
208418,22
208418,23
208418,24
208418,25
208418,26
208418,27
208418,28
208418,29
208418,3
208418,30
208418,31
208418,4
208418,5
208418,6
208418,7
208418,8
208418,9
208421,1
208421,10
208421,11
208421,12
208421,13
208421,14
208421,15
208421,16
208421,17
208421,18
208421,19
208421,2
208421,20
208421,21
208421,22
208421,23
208421,24
208421,25
208421,26
208421,27
208421,28
208421,29
208421,3
208421,30
208421,31
208421,32
208421,33
208421,34
208421,35
208421,36
208421,37
208421,38
208421,39
208421,4
208421,40
208421,5
208421,6
208421,7
208421,8
208421,9
208430,1
208430,10
208430,11
208430,12
208430,13
208430,14
208430,15
208430,16
208430,17
208430,18
208430,19
208430,2
208430,20
208430,21
208430,22
208430,23
208430,24
208430,25
208430,26
208430,27
208430,28
208430,3
208430,4
208430,5
208430,6
208430,7
208430,8
208430,9
208451,1
208451,10
208451,11
208451,12
208451,13
208451,14
208451,15
208451,16
208451,17
208451,18
208451,19
208451,2
208451,20
208451,21
208451,22
208451,23
208451,24
208451,25
208451,26
208451,27
208451,28
208451,29
208451,3
208451,30
208451,31
208451,32
208451,33
208451,34
208451,35
208451,36
208451,37
208451,38
208451,39
208451,4
208451,40
208451,5
208451,6
208451,7
208451,8
208451,9
208457,1
208457,10
208457,11
208457,12
208457,13
208457,14
208457,15
208457,16
208457,17
208457,18
208457,19
208457,2
208457,20
208457,21
208457,22
208457,23
208457,24
208457,25
208457,26
208457,27
208457,28
208457,29
208457,3
208457,30
208457,31
208457,32
208457,33
208457,34
208457,35
208457,36
208457,37
208457,38
208457,39
208457,4
208457,40
208457,5
208457,6
208457,7
208457,8
208457,9
208478,1
208478,10
208478,11
208478,12
208478,13
208478,14
208478,15
208478,16
208478,17
208478,18
208478,19
208478,2
208478,20
208478,21
208478,22
208478,23
208478,24
208478,25
208478,26
208478,27
208478,28
208478,3
208478,4
208478,5
208478,6
208478,7
208478,8
208478,9
208499,1
208499,10
208499,11
208499,12
208499,13
208499,14
208499,15
208499,16
208499,17
208499,18
208499,19
208499,2
208499,20
208499,21
208499,22
208499,3
208499,4
208499,5
208499,6
208499,7
208499,8
208499,9
208508,1
208508,10
208508,11
208508,12
208508,13
208508,14
208508,15
208508,16
208508,17
208508,18
208508,19
208508,2
208508,20
208508,21
208508,22
208508,23
208508,24
208508,25
208508,26
208508,27
208508,28
208508,29
208508,3
208508,30
208508,31
208508,32
208508,33
208508,34
208508,4
208508,5
208508,6
208508,7
208508,8
208508,9
208514,1
208514,10
208514,11
208514,12
208514,13
208514,14
208514,15
208514,16
208514,17
208514,18
208514,19
208514,2
208514,20
208514,21
208514,22
208514,23
208514,24
208514,25
208514,26
208514,27
208514,28
208514,29
208514,3
208514,30
208514,31
208514,32
208514,33
208514,34
208514,35
208514,36
208514,37
208514,38
208514,39
208514,4
208514,40
208514,5
208514,6
208514,7
208514,8
208514,9
208520,1
208520,10
208520,11
208520,12
208520,13
208520,14
208520,15
208520,16
208520,17
208520,18
208520,19
208520,2
208520,20
208520,21
208520,22
208520,23
208520,24
208520,25
208520,26
208520,27
208520,28
208520,29
208520,3
208520,30
208520,31
208520,32
208520,33
208520,34
208520,35
208520,36
208520,37
208520,38
208520,39
208520,4
208520,40
208520,5
208520,6
208520,7
208520,8
208520,9
208529,1
208529,10
208529,11
208529,12
208529,13
208529,14
208529,15
208529,16
208529,17
208529,18
208529,19
208529,2
208529,20
208529,21
208529,22
208529,23
208529,24
208529,25
208529,26
208529,27
208529,28
208529,29
208529,3
208529,30
208529,31
208529,32
208529,33
208529,34
208529,35
208529,36
208529,37
208529,38
208529,39
208529,4
208529,40
208529,5
208529,6
208529,7
208529,8
208529,9
208532,1
208532,10
208532,11
208532,12
208532,13
208532,14
208532,15
208532,16
208532,17
208532,18
208532,19
208532,2
208532,20
208532,21
208532,22
208532,23
208532,24
208532,25
208532,26
208532,27
208532,28
208532,29
208532,3
208532,30
208532,31
208532,32
208532,33
208532,34
208532,35
208532,36
208532,37
208532,38
208532,39
208532,4
208532,40
208532,5
208532,6
208532,7
208532,8
208532,9
208550,1
208550,10
208550,11
208550,12
208550,13
208550,14
208550,15
208550,16
208550,17
208550,18
208550,19
208550,2
208550,20
208550,21
208550,22
208550,23
208550,24
208550,25
208550,26
208550,27
208550,28
208550,3
208550,4
208550,5
208550,6
208550,7
208550,8
208550,9
208556,1
208556,10
208556,11
208556,12
208556,13
208556,14
208556,15
208556,16
208556,17
208556,18
208556,19
208556,2
208556,20
208556,21
208556,22
208556,23
208556,24
208556,25
208556,26
208556,27
208556,28
208556,29
208556,3
208556,30
208556,31
208556,32
208556,33
208556,34
208556,35
208556,36
208556,37
208556,38
208556,39
208556,4
208556,40
208556,5
208556,6
208556,7
208556,8
208556,9
208565,1
208565,10
208565,11
208565,12
208565,13
208565,14
208565,15
208565,16
208565,17
208565,18
208565,19
208565,2
208565,20
208565,21
208565,22
208565,23
208565,24
208565,25
208565,26
208565,27
208565,28
208565,29
208565,3
208565,30
208565,31
208565,32
208565,33
208565,34
208565,35
208565,36
208565,37
208565,38
208565,39
208565,4
208565,40
208565,5
208565,6
208565,7
208565,8
208565,9
208577,1
208577,10
208577,11
208577,12
208577,13
208577,14
208577,15
208577,16
208577,17
208577,18
208577,19
208577,2
208577,20
208577,21
208577,22
208577,23
208577,24
208577,25
208577,26
208577,27
208577,28
208577,29
208577,3
208577,30
208577,31
208577,32
208577,33
208577,34
208577,35
208577,36
208577,37
208577,38
208577,39
208577,4
208577,40
208577,5
208577,6
208577,7
208577,8
208577,9
208580,1
208580,10
208580,11
208580,12
208580,13
208580,14
208580,15
208580,16
208580,17
208580,18
208580,19
208580,2
208580,20
208580,21
208580,22
208580,23
208580,24
208580,25
208580,26
208580,3
208580,4
208580,5
208580,6
208580,7
208580,8
208580,9
208592,1
208592,10
208592,11
208592,12
208592,13
208592,14
208592,15
208592,16
208592,17
208592,18
208592,19
208592,2
208592,20
208592,21
208592,22
208592,23
208592,24
208592,25
208592,26
208592,27
208592,28
208592,29
208592,3
208592,30
208592,4
208592,5
208592,6
208592,7
208592,8
208592,9
208598,1
208598,10
208598,11
208598,12
208598,13
208598,14
208598,15
208598,16
208598,2
208598,3
208598,4
208598,5
208598,6
208598,7
208598,8
208598,9
208601,1
208601,10
208601,11
208601,12
208601,13
208601,14
208601,15
208601,16
208601,17
208601,18
208601,19
208601,2
208601,20
208601,21
208601,22
208601,23
208601,24
208601,25
208601,26
208601,27
208601,28
208601,29
208601,3
208601,30
208601,31
208601,32
208601,33
208601,34
208601,35
208601,36
208601,37
208601,38
208601,39
208601,4
208601,40
208601,5
208601,6
208601,7
208601,8
208601,9
208607,1
208607,10
208607,11
208607,12
208607,13
208607,14
208607,15
208607,16
208607,17
208607,18
208607,19
208607,2
208607,20
208607,21
208607,22
208607,23
208607,24
208607,25
208607,26
208607,27
208607,28
208607,29
208607,3
208607,30
208607,31
208607,32
208607,33
208607,34
208607,35
208607,36
208607,37
208607,38
208607,39
208607,4
208607,40
208607,5
208607,6
208607,7
208607,8
208607,9
208613,1
208613,10
208613,11
208613,12
208613,13
208613,14
208613,15
208613,16
208613,17
208613,18
208613,19
208613,2
208613,20
208613,21
208613,22
208613,23
208613,24
208613,25
208613,26
208613,27
208613,28
208613,29
208613,3
208613,30
208613,31
208613,32
208613,33
208613,34
208613,35
208613,36
208613,37
208613,38
208613,39
208613,4
208613,40
208613,5
208613,6
208613,7
208613,8
208613,9
208619,1
208619,10
208619,11
208619,12
208619,13
208619,14
208619,15
208619,16
208619,17
208619,18
208619,19
208619,2
208619,20
208619,21
208619,22
208619,23
208619,24
208619,25
208619,26
208619,27
208619,28
208619,29
208619,3
208619,30
208619,31
208619,32
208619,33
208619,34
208619,35
208619,36
208619,37
208619,38
208619,39
208619,4
208619,40
208619,5
208619,6
208619,7
208619,8
208619,9
208655,1
208655,10
208655,11
208655,12
208655,13
208655,14
208655,15
208655,16
208655,17
208655,18
208655,19
208655,2
208655,20
208655,21
208655,22
208655,23
208655,24
208655,25
208655,26
208655,27
208655,28
208655,29
208655,3
208655,30
208655,31
208655,32
208655,33
208655,34
208655,35
208655,36
208655,37
208655,38
208655,39
208655,4
208655,40
208655,5
208655,6
208655,7
208655,8
208655,9
208667,1
208667,10
208667,11
208667,12
208667,13
208667,14
208667,15
208667,16
208667,17
208667,18
208667,19
208667,2
208667,20
208667,21
208667,22
208667,23
208667,24
208667,25
208667,26
208667,27
208667,28
208667,29
208667,3
208667,30
208667,31
208667,32
208667,33
208667,34
208667,35
208667,36
208667,37
208667,38
208667,39
208667,4
208667,40
208667,5
208667,6
208667,7
208667,8
208667,9
208679,1
208679,10
208679,11
208679,12
208679,13
208679,14
208679,15
208679,16
208679,17
208679,18
208679,19
208679,2
208679,20
208679,21
208679,22
208679,23
208679,24
208679,25
208679,26
208679,27
208679,28
208679,29
208679,3
208679,30
208679,31
208679,32
208679,33
208679,34
208679,35
208679,36
208679,37
208679,38
208679,39
208679,4
208679,40
208679,5
208679,6
208679,7
208679,8
208679,9
208730,1
208730,10
208730,11
208730,12
208730,13
208730,14
208730,15
208730,16
208730,17
208730,18
208730,19
208730,2
208730,20
208730,21
208730,22
208730,23
208730,24
208730,25
208730,26
208730,27
208730,28
208730,29
208730,3
208730,30
208730,31
208730,32
208730,33
208730,34
208730,35
208730,36
208730,37
208730,38
208730,39
208730,4
208730,40
208730,5
208730,6
208730,7
208730,8
208730,9
208754,1
208754,10
208754,11
208754,12
208754,13
208754,14
208754,15
208754,16
208754,17
208754,18
208754,19
208754,2
208754,20
208754,21
208754,22
208754,3
208754,4
208754,5
208754,6
208754,7
208754,8
208754,9
208766,1
208766,10
208766,11
208766,12
208766,13
208766,14
208766,15
208766,16
208766,17
208766,18
208766,2
208766,3
208766,4
208766,5
208766,6
208766,7
208766,8
208766,9
208772,1
208772,10
208772,11
208772,12
208772,13
208772,14
208772,15
208772,16
208772,17
208772,18
208772,19
208772,2
208772,20
208772,21
208772,22
208772,23
208772,24
208772,25
208772,26
208772,3
208772,4
208772,5
208772,6
208772,7
208772,8
208772,9
208778,1
208778,10
208778,11
208778,12
208778,13
208778,14
208778,15
208778,16
208778,17
208778,18
208778,19
208778,2
208778,20
208778,21
208778,22
208778,23
208778,24
208778,25
208778,26
208778,27
208778,28
208778,29
208778,3
208778,30
208778,31
208778,32
208778,33
208778,34
208778,35
208778,36
208778,37
208778,38
208778,39
208778,4
208778,40
208778,5
208778,6
208778,7
208778,8
208778,9
208790,1
208790,10
208790,11
208790,12
208790,13
208790,14
208790,15
208790,16
208790,17
208790,18
208790,19
208790,2
208790,20
208790,21
208790,22
208790,23
208790,24
208790,25
208790,26
208790,27
208790,28
208790,29
208790,3
208790,30
208790,31
208790,32
208790,33
208790,34
208790,35
208790,36
208790,37
208790,38
208790,39
208790,4
208790,40
208790,5
208790,6
208790,7
208790,8
208790,9
208793,1
208793,10
208793,11
208793,12
208793,13
208793,14
208793,15
208793,16
208793,17
208793,18
208793,19
208793,2
208793,20
208793,21
208793,22
208793,23
208793,24
208793,25
208793,26
208793,27
208793,28
208793,29
208793,3
208793,30
208793,31
208793,32
208793,33
208793,34
208793,35
208793,36
208793,37
208793,38
208793,39
208793,4
208793,40
208793,5
208793,6
208793,7
208793,8
208793,9
208805,1
208805,10
208805,11
208805,12
208805,13
208805,14
208805,15
208805,16
208805,17
208805,18
208805,19
208805,2
208805,20
208805,21
208805,22
208805,23
208805,24
208805,25
208805,26
208805,27
208805,3
208805,4
208805,5
208805,6
208805,7
208805,8
208805,9
208817,1
208817,10
208817,11
208817,12
208817,13
208817,14
208817,15
208817,16
208817,17
208817,18
208817,19
208817,2
208817,20
208817,21
208817,22
208817,23
208817,24
208817,25
208817,26
208817,27
208817,28
208817,29
208817,3
208817,30
208817,31
208817,32
208817,33
208817,34
208817,35
208817,36
208817,4
208817,5
208817,6
208817,7
208817,8
208817,9
208832,1
208832,10
208832,11
208832,12
208832,13
208832,14
208832,15
208832,16
208832,17
208832,18
208832,19
208832,2
208832,20
208832,21
208832,22
208832,23
208832,24
208832,25
208832,26
208832,27
208832,28
208832,29
208832,3
208832,30
208832,31
208832,32
208832,33
208832,34
208832,35
208832,36
208832,37
208832,38
208832,39
208832,4
208832,40
208832,5
208832,6
208832,7
208832,8
208832,9
208844,1
208844,10
208844,11
208844,12
208844,13
208844,14
208844,15
208844,16
208844,17
208844,18
208844,19
208844,2
208844,20
208844,21
208844,22
208844,23
208844,24
208844,25
208844,26
208844,27
208844,28
208844,29
208844,3
208844,30
208844,31
208844,32
208844,33
208844,34
208844,35
208844,36
208844,37
208844,38
208844,39
208844,4
208844,40
208844,5
208844,6
208844,7
208844,8
208844,9
208871,1
208871,10
208871,11
208871,12
208871,13
208871,14
208871,15
208871,16
208871,17
208871,18
208871,19
208871,2
208871,20
208871,21
208871,22
208871,23
208871,24
208871,25
208871,26
208871,27
208871,28
208871,3
208871,4
208871,5
208871,6
208871,7
208871,8
208871,9
208898,1
208898,10
208898,11
208898,12
208898,13
208898,14
208898,15
208898,16
208898,17
208898,18
208898,19
208898,2
208898,20
208898,21
208898,22
208898,23
208898,24
208898,25
208898,26
208898,27
208898,28
208898,29
208898,3
208898,30
208898,31
208898,32
208898,33
208898,34
208898,35
208898,36
208898,37
208898,38
208898,39
208898,4
208898,40
208898,5
208898,6
208898,7
208898,8
208898,9
208901,1
208901,10
208901,11
208901,12
208901,13
208901,14
208901,15
208901,16
208901,17
208901,18
208901,19
208901,2
208901,20
208901,21
208901,22
208901,23
208901,24
208901,25
208901,26
208901,27
208901,28
208901,29
208901,3
208901,30
208901,4
208901,5
208901,6
208901,7
208901,8
208901,9
208934,1
208934,10
208934,11
208934,12
208934,13
208934,14
208934,15
208934,16
208934,17
208934,18
208934,19
208934,2
208934,20
208934,21
208934,22
208934,23
208934,24
208934,25
208934,26
208934,27
208934,28
208934,29
208934,3
208934,30
208934,31
208934,32
208934,33
208934,34
208934,35
208934,36
208934,37
208934,38
208934,4
208934,5
208934,6
208934,7
208934,8
208934,9
208949,1
208949,10
208949,11
208949,12
208949,13
208949,14
208949,15
208949,16
208949,17
208949,18
208949,19
208949,2
208949,20
208949,21
208949,22
208949,23
208949,24
208949,25
208949,26
208949,27
208949,28
208949,29
208949,3
208949,30
208949,31
208949,32
208949,33
208949,34
208949,35
208949,36
208949,37
208949,4
208949,5
208949,6
208949,7
208949,8
208949,9
208958,1
208958,10
208958,11
208958,12
208958,13
208958,14
208958,15
208958,16
208958,17
208958,18
208958,19
208958,2
208958,20
208958,21
208958,22
208958,23
208958,24
208958,25
208958,26
208958,27
208958,28
208958,29
208958,3
208958,30
208958,31
208958,32
208958,33
208958,34
208958,35
208958,36
208958,37
208958,38
208958,39
208958,4
208958,40
208958,5
208958,6
208958,7
208958,8
208958,9
208961,1
208961,10
208961,11
208961,12
208961,13
208961,14
208961,15
208961,16
208961,17
208961,18
208961,19
208961,2
208961,20
208961,21
208961,22
208961,23
208961,24
208961,25
208961,26
208961,27
208961,28
208961,29
208961,3
208961,30
208961,31
208961,32
208961,33
208961,34
208961,35
208961,36
208961,37
208961,38
208961,39
208961,4
208961,40
208961,5
208961,6
208961,7
208961,8
208961,9
208967,1
208967,10
208967,11
208967,12
208967,13
208967,14
208967,15
208967,16
208967,17
208967,18
208967,19
208967,2
208967,20
208967,21
208967,22
208967,23
208967,24
208967,25
208967,26
208967,27
208967,28
208967,29
208967,3
208967,30
208967,31
208967,32
208967,33
208967,34
208967,35
208967,36
208967,37
208967,4
208967,5
208967,6
208967,7
208967,8
208967,9
208997,1
208997,10
208997,11
208997,12
208997,13
208997,14
208997,15
208997,16
208997,17
208997,18
208997,19
208997,2
208997,20
208997,21
208997,22
208997,23
208997,24
208997,25
208997,26
208997,27
208997,28
208997,29
208997,3
208997,30
208997,31
208997,32
208997,33
208997,34
208997,35
208997,36
208997,37
208997,38
208997,39
208997,4
208997,40
208997,5
208997,6
208997,7
208997,8
208997,9
209000,1
209000,10
209000,11
209000,12
209000,13
209000,14
209000,15
209000,16
209000,17
209000,18
209000,19
209000,2
209000,20
209000,21
209000,22
209000,23
209000,24
209000,25
209000,26
209000,27
209000,28
209000,29
209000,3
209000,30
209000,31
209000,32
209000,33
209000,34
209000,35
209000,36
209000,37
209000,38
209000,39
209000,4
209000,40
209000,5
209000,6
209000,7
209000,8
209000,9
209006,1
209006,10
209006,11
209006,12
209006,13
209006,14
209006,15
209006,16
209006,17
209006,18
209006,19
209006,2
209006,20
209006,21
209006,22
209006,23
209006,24
209006,25
209006,26
209006,27
209006,28
209006,29
209006,3
209006,30
209006,31
209006,32
209006,33
209006,4
209006,5
209006,6
209006,7
209006,8
209006,9
209009,1
209009,10
209009,11
209009,12
209009,13
209009,14
209009,15
209009,16
209009,17
209009,18
209009,19
209009,2
209009,20
209009,21
209009,22
209009,23
209009,3
209009,4
209009,5
209009,6
209009,7
209009,8
209009,9
209012,1
209012,10
209012,11
209012,12
209012,13
209012,14
209012,15
209012,16
209012,17
209012,18
209012,19
209012,2
209012,20
209012,21
209012,22
209012,23
209012,24
209012,25
209012,26
209012,27
209012,28
209012,29
209012,3
209012,30
209012,31
209012,32
209012,33
209012,34
209012,35
209012,36
209012,37
209012,38
209012,39
209012,4
209012,40
209012,5
209012,6
209012,7
209012,8
209012,9
209021,1
209021,10
209021,11
209021,12
209021,13
209021,14
209021,15
209021,16
209021,17
209021,18
209021,19
209021,2
209021,20
209021,21
209021,22
209021,23
209021,24
209021,25
209021,26
209021,27
209021,28
209021,29
209021,3
209021,30
209021,31
209021,32
209021,33
209021,34
209021,35
209021,36
209021,37
209021,38
209021,4
209021,5
209021,6
209021,7
209021,8
209021,9
209030,1
209030,10
209030,11
209030,12
209030,13
209030,14
209030,15
209030,16
209030,17
209030,18
209030,19
209030,2
209030,20
209030,21
209030,22
209030,23
209030,24
209030,25
209030,26
209030,27
209030,28
209030,29
209030,3
209030,30
209030,31
209030,32
209030,33
209030,34
209030,35
209030,36
209030,37
209030,38
209030,39
209030,4
209030,40
209030,5
209030,6
209030,7
209030,8
209030,9
209057,1
209057,10
209057,11
209057,12
209057,13
209057,14
209057,15
209057,16
209057,17
209057,18
209057,19
209057,2
209057,20
209057,3
209057,4
209057,5
209057,6
209057,7
209057,8
209057,9
209063,1
209063,10
209063,11
209063,12
209063,13
209063,14
209063,15
209063,16
209063,17
209063,18
209063,19
209063,2
209063,20
209063,21
209063,22
209063,23
209063,24
209063,25
209063,26
209063,27
209063,28
209063,29
209063,3
209063,30
209063,31
209063,32
209063,33
209063,34
209063,35
209063,36
209063,4
209063,5
209063,6
209063,7
209063,8
209063,9
209078,1
209078,10
209078,11
209078,12
209078,13
209078,14
209078,15
209078,16
209078,17
209078,18
209078,19
209078,2
209078,20
209078,21
209078,22
209078,23
209078,24
209078,25
209078,26
209078,27
209078,28
209078,29
209078,3
209078,30
209078,31
209078,32
209078,33
209078,34
209078,35
209078,36
209078,37
209078,38
209078,39
209078,4
209078,5
209078,6
209078,7
209078,8
209078,9
209084,1
209084,10
209084,11
209084,12
209084,13
209084,14
209084,15
209084,16
209084,17
209084,18
209084,19
209084,2
209084,20
209084,21
209084,22
209084,23
209084,24
209084,25
209084,26
209084,27
209084,28
209084,29
209084,3
209084,30
209084,31
209084,32
209084,33
209084,34
209084,35
209084,36
209084,37
209084,38
209084,39
209084,4
209084,40
209084,5
209084,6
209084,7
209084,8
209084,9
209087,1
209087,10
209087,11
209087,12
209087,13
209087,14
209087,15
209087,16
209087,17
209087,18
209087,19
209087,2
209087,20
209087,21
209087,22
209087,23
209087,24
209087,25
209087,3
209087,4
209087,5
209087,6
209087,7
209087,8
209087,9
209090,1
209090,10
209090,11
209090,12
209090,13
209090,14
209090,15
209090,16
209090,17
209090,18
209090,19
209090,2
209090,20
209090,21
209090,22
209090,23
209090,24
209090,25
209090,26
209090,27
209090,28
209090,29
209090,3
209090,30
209090,4
209090,5
209090,6
209090,7
209090,8
209090,9
209099,1
209099,10
209099,11
209099,12
209099,13
209099,14
209099,15
209099,16
209099,17
209099,18
209099,19
209099,2
209099,20
209099,21
209099,22
209099,23
209099,24
209099,25
209099,26
209099,27
209099,28
209099,29
209099,3
209099,30
209099,31
209099,4
209099,5
209099,6
209099,7
209099,8
209099,9
209105,1
209105,10
209105,11
209105,12
209105,13
209105,14
209105,15
209105,16
209105,17
209105,18
209105,19
209105,2
209105,20
209105,21
209105,22
209105,23
209105,24
209105,25
209105,26
209105,27
209105,28
209105,29
209105,3
209105,30
209105,31
209105,32
209105,33
209105,34
209105,35
209105,36
209105,37
209105,38
209105,39
209105,4
209105,40
209105,5
209105,6
209105,7
209105,8
209105,9
209120,1
209120,10
209120,11
209120,12
209120,13
209120,14
209120,15
209120,16
209120,17
209120,18
209120,19
209120,2
209120,20
209120,21
209120,22
209120,23
209120,24
209120,25
209120,26
209120,27
209120,28
209120,29
209120,3
209120,30
209120,31
209120,32
209120,33
209120,34
209120,35
209120,36
209120,37
209120,38
209120,39
209120,4
209120,40
209120,5
209120,6
209120,7
209120,8
209120,9
209135,1
209135,10
209135,11
209135,12
209135,13
209135,14
209135,15
209135,16
209135,17
209135,18
209135,19
209135,2
209135,20
209135,21
209135,22
209135,23
209135,24
209135,25
209135,26
209135,27
209135,28
209135,29
209135,3
209135,30
209135,31
209135,32
209135,33
209135,34
209135,35
209135,36
209135,37
209135,38
209135,4
209135,5
209135,6
209135,7
209135,8
209135,9
209138,1
209138,10
209138,11
209138,12
209138,13
209138,14
209138,15
209138,16
209138,17
209138,18
209138,19
209138,2
209138,20
209138,21
209138,22
209138,23
209138,24
209138,25
209138,26
209138,27
209138,28
209138,29
209138,3
209138,30
209138,31
209138,32
209138,33
209138,34
209138,35
209138,4
209138,5
209138,6
209138,7
209138,8
209138,9
209179,1
209179,10
209179,11
209179,12
209179,13
209179,14
209179,15
209179,16
209179,17
209179,18
209179,19
209179,2
209179,20
209179,21
209179,22
209179,23
209179,24
209179,25
209179,26
209179,27
209179,28
209179,29
209179,3
209179,4
209179,5
209179,6
209179,7
209179,8
209179,9
209188,1
209188,10
209188,11
209188,12
209188,13
209188,14
209188,15
209188,16
209188,17
209188,18
209188,19
209188,2
209188,20
209188,21
209188,22
209188,23
209188,24
209188,25
209188,26
209188,27
209188,28
209188,29
209188,3
209188,30
209188,31
209188,32
209188,33
209188,34
209188,35
209188,36
209188,37
209188,38
209188,39
209188,4
209188,40
209188,5
209188,6
209188,7
209188,8
209188,9
209200,1
209200,10
209200,11
209200,12
209200,13
209200,14
209200,15
209200,16
209200,17
209200,18
209200,19
209200,2
209200,20
209200,21
209200,22
209200,3
209200,4
209200,5
209200,6
209200,7
209200,8
209200,9
209206,1
209206,10
209206,11
209206,12
209206,13
209206,14
209206,15
209206,16
209206,17
209206,18
209206,19
209206,2
209206,20
209206,21
209206,22
209206,23
209206,24
209206,3
209206,4
209206,5
209206,6
209206,7
209206,8
209206,9
209221,1
209221,10
209221,11
209221,12
209221,13
209221,14
209221,15
209221,16
209221,17
209221,18
209221,19
209221,2
209221,20
209221,21
209221,22
209221,23
209221,24
209221,25
209221,26
209221,27
209221,3
209221,4
209221,5
209221,6
209221,7
209221,8
209221,9
209257,1
209257,10
209257,11
209257,12
209257,13
209257,14
209257,15
209257,16
209257,17
209257,18
209257,19
209257,2
209257,20
209257,21
209257,22
209257,23
209257,24
209257,25
209257,26
209257,27
209257,28
209257,29
209257,3
209257,30
209257,31
209257,32
209257,33
209257,34
209257,35
209257,36
209257,37
209257,38
209257,39
209257,4
209257,40
209257,5
209257,6
209257,7
209257,8
209257,9
209260,1
209260,10
209260,11
209260,12
209260,13
209260,14
209260,15
209260,16
209260,17
209260,18
209260,19
209260,2
209260,20
209260,21
209260,22
209260,23
209260,24
209260,3
209260,4
209260,5
209260,6
209260,7
209260,8
209260,9
209269,1
209269,10
209269,11
209269,12
209269,13
209269,14
209269,15
209269,16
209269,17
209269,18
209269,19
209269,2
209269,20
209269,21
209269,22
209269,23
209269,24
209269,3
209269,4
209269,5
209269,6
209269,7
209269,8
209269,9
209278,1
209278,10
209278,11
209278,12
209278,13
209278,14
209278,15
209278,16
209278,17
209278,18
209278,19
209278,2
209278,20
209278,21
209278,22
209278,23
209278,24
209278,25
209278,26
209278,27
209278,28
209278,29
209278,3
209278,30
209278,31
209278,32
209278,33
209278,34
209278,35
209278,36
209278,37
209278,38
209278,39
209278,4
209278,40
209278,5
209278,6
209278,7
209278,8
209278,9
209284,1
209284,10
209284,11
209284,12
209284,13
209284,14
209284,15
209284,16
209284,17
209284,18
209284,19
209284,2
209284,20
209284,21
209284,22
209284,23
209284,24
209284,25
209284,26
209284,3
209284,4
209284,5
209284,6
209284,7
209284,8
209284,9
209287,1
209287,10
209287,11
209287,12
209287,13
209287,14
209287,15
209287,16
209287,17
209287,18
209287,19
209287,2
209287,20
209287,21
209287,22
209287,23
209287,24
209287,3
209287,4
209287,5
209287,6
209287,7
209287,8
209287,9
209302,1
209302,10
209302,11
209302,12
209302,13
209302,14
209302,15
209302,16
209302,17
209302,18
209302,19
209302,2
209302,20
209302,21
209302,22
209302,23
209302,24
209302,25
209302,26
209302,27
209302,28
209302,29
209302,3
209302,30
209302,31
209302,4
209302,5
209302,6
209302,7
209302,8
209302,9
209323,1
209323,10
209323,11
209323,12
209323,13
209323,14
209323,15
209323,16
209323,17
209323,18
209323,19
209323,2
209323,20
209323,21
209323,22
209323,23
209323,24
209323,25
209323,26
209323,27
209323,28
209323,29
209323,3
209323,30
209323,31
209323,32
209323,33
209323,34
209323,35
209323,36
209323,37
209323,38
209323,39
209323,4
209323,40
209323,5
209323,6
209323,7
209323,8
209323,9
209338,1
209338,10
209338,11
209338,12
209338,13
209338,14
209338,15
209338,16
209338,17
209338,18
209338,19
209338,2
209338,20
209338,21
209338,22
209338,23
209338,24
209338,25
209338,26
209338,27
209338,28
209338,29
209338,3
209338,30
209338,31
209338,32
209338,33
209338,4
209338,5
209338,6
209338,7
209338,8
209338,9
209341,1
209341,10
209341,11
209341,12
209341,13
209341,14
209341,15
209341,16
209341,17
209341,18
209341,19
209341,2
209341,20
209341,21
209341,22
209341,23
209341,24
209341,25
209341,26
209341,27
209341,28
209341,29
209341,3
209341,30
209341,31
209341,32
209341,33
209341,34
209341,4
209341,5
209341,6
209341,7
209341,8
209341,9
209371,1
209371,10
209371,11
209371,12
209371,13
209371,14
209371,15
209371,16
209371,2
209371,3
209371,4
209371,5
209371,6
209371,7
209371,8
209371,9
209374,1
209374,10
209374,11
209374,12
209374,13
209374,14
209374,15
209374,16
209374,17
209374,18
209374,19
209374,2
209374,20
209374,21
209374,22
209374,23
209374,24
209374,25
209374,26
209374,27
209374,28
209374,29
209374,3
209374,30
209374,31
209374,32
209374,33
209374,4
209374,5
209374,6
209374,7
209374,8
209374,9
209380,1
209380,10
209380,11
209380,12
209380,13
209380,14
209380,15
209380,16
209380,17
209380,18
209380,19
209380,2
209380,20
209380,21
209380,22
209380,23
209380,24
209380,3
209380,4
209380,5
209380,6
209380,7
209380,8
209380,9
209395,1
209395,10
209395,11
209395,12
209395,13
209395,14
209395,15
209395,16
209395,17
209395,18
209395,19
209395,2
209395,20
209395,21
209395,22
209395,23
209395,24
209395,25
209395,26
209395,27
209395,28
209395,29
209395,3
209395,30
209395,31
209395,32
209395,33
209395,34
209395,35
209395,36
209395,4
209395,5
209395,6
209395,7
209395,8
209395,9
209398,1
209398,10
209398,11
209398,12
209398,13
209398,14
209398,15
209398,16
209398,2
209398,3
209398,4
209398,5
209398,6
209398,7
209398,8
209398,9
209401,1
209401,10
209401,11
209401,12
209401,13
209401,14
209401,15
209401,16
209401,17
209401,18
209401,19
209401,2
209401,20
209401,21
209401,22
209401,23
209401,24
209401,25
209401,26
209401,27
209401,28
209401,29
209401,3
209401,30
209401,31
209401,4
209401,5
209401,6
209401,7
209401,8
209401,9
209404,1
209404,10
209404,11
209404,12
209404,13
209404,14
209404,15
209404,16
209404,17
209404,18
209404,19
209404,2
209404,20
209404,21
209404,22
209404,23
209404,24
209404,25
209404,26
209404,27
209404,28
209404,29
209404,3
209404,30
209404,31
209404,32
209404,4
209404,5
209404,6
209404,7
209404,8
209404,9
209419,1
209419,10
209419,11
209419,12
209419,13
209419,14
209419,15
209419,16
209419,17
209419,18
209419,19
209419,2
209419,20
209419,21
209419,22
209419,23
209419,24
209419,25
209419,26
209419,27
209419,28
209419,29
209419,3
209419,30
209419,31
209419,32
209419,33
209419,34
209419,35
209419,36
209419,37
209419,38
209419,39
209419,4
209419,40
209419,5
209419,6
209419,7
209419,8
209419,9
209422,1
209422,10
209422,11
209422,12
209422,13
209422,14
209422,15
209422,16
209422,17
209422,18
209422,19
209422,2
209422,20
209422,21
209422,22
209422,23
209422,24
209422,25
209422,26
209422,3
209422,4
209422,5
209422,6
209422,7
209422,8
209422,9
209434,1
209434,10
209434,11
209434,12
209434,13
209434,14
209434,15
209434,16
209434,17
209434,18
209434,19
209434,2
209434,20
209434,21
209434,22
209434,23
209434,24
209434,25
209434,26
209434,27
209434,28
209434,29
209434,3
209434,30
209434,31
209434,32
209434,33
209434,34
209434,35
209434,36
209434,37
209434,38
209434,39
209434,4
209434,40
209434,5
209434,6
209434,7
209434,8
209434,9
209437,1
209437,10
209437,11
209437,12
209437,13
209437,14
209437,15
209437,16
209437,17
209437,18
209437,19
209437,2
209437,20
209437,21
209437,22
209437,23
209437,24
209437,25
209437,26
209437,27
209437,28
209437,29
209437,3
209437,30
209437,31
209437,32
209437,33
209437,34
209437,35
209437,36
209437,37
209437,4
209437,5
209437,6
209437,7
209437,8
209437,9
209449,1
209449,10
209449,11
209449,12
209449,13
209449,14
209449,15
209449,16
209449,17
209449,18
209449,19
209449,2
209449,20
209449,21
209449,22
209449,23
209449,24
209449,25
209449,26
209449,27
209449,28
209449,29
209449,3
209449,30
209449,31
209449,32
209449,33
209449,34
209449,35
209449,36
209449,37
209449,38
209449,39
209449,4
209449,40
209449,5
209449,6
209449,7
209449,8
209449,9
209461,1
209461,10
209461,11
209461,12
209461,13
209461,14
209461,15
209461,16
209461,17
209461,18
209461,19
209461,2
209461,20
209461,21
209461,22
209461,23
209461,24
209461,25
209461,26
209461,27
209461,28
209461,29
209461,3
209461,30
209461,31
209461,32
209461,33
209461,34
209461,35
209461,36
209461,37
209461,38
209461,39
209461,4
209461,40
209461,5
209461,6
209461,7
209461,8
209461,9
209502,1
209502,10
209502,11
209502,12
209502,13
209502,14
209502,15
209502,16
209502,17
209502,18
209502,19
209502,2
209502,20
209502,21
209502,22
209502,23
209502,24
209502,25
209502,26
209502,27
209502,28
209502,29
209502,3
209502,30
209502,31
209502,32
209502,33
209502,34
209502,35
209502,36
209502,37
209502,38
209502,39
209502,4
209502,40
209502,5
209502,6
209502,7
209502,8
209502,9
209505,1
209505,10
209505,11
209505,12
209505,13
209505,14
209505,15
209505,16
209505,17
209505,18
209505,19
209505,2
209505,20
209505,21
209505,22
209505,23
209505,24
209505,25
209505,26
209505,3
209505,4
209505,5
209505,6
209505,7
209505,8
209505,9
209511,1
209511,10
209511,11
209511,12
209511,13
209511,14
209511,15
209511,16
209511,17
209511,18
209511,19
209511,2
209511,20
209511,21
209511,22
209511,23
209511,24
209511,25
209511,26
209511,27
209511,28
209511,29
209511,3
209511,30
209511,31
209511,32
209511,4
209511,5
209511,6
209511,7
209511,8
209511,9
209520,1
209520,10
209520,11
209520,12
209520,13
209520,14
209520,15
209520,16
209520,17
209520,18
209520,19
209520,2
209520,20
209520,21
209520,3
209520,4
209520,5
209520,6
209520,7
209520,8
209520,9
209532,1
209532,10
209532,11
209532,12
209532,13
209532,14
209532,15
209532,16
209532,17
209532,18
209532,19
209532,2
209532,20
209532,21
209532,22
209532,23
209532,24
209532,25
209532,26
209532,27
209532,28
209532,29
209532,3
209532,30
209532,31
209532,32
209532,33
209532,34
209532,35
209532,36
209532,37
209532,38
209532,39
209532,4
209532,40
209532,5
209532,6
209532,7
209532,8
209532,9
209559,1
209559,10
209559,11
209559,12
209559,13
209559,14
209559,15
209559,16
209559,17
209559,18
209559,19
209559,2
209559,20
209559,21
209559,22
209559,23
209559,24
209559,25
209559,26
209559,27
209559,28
209559,29
209559,3
209559,30
209559,31
209559,32
209559,33
209559,34
209559,4
209559,5
209559,6
209559,7
209559,8
209559,9
209571,1
209571,10
209571,11
209571,12
209571,13
209571,14
209571,15
209571,16
209571,17
209571,18
209571,19
209571,2
209571,20
209571,21
209571,22
209571,23
209571,24
209571,25
209571,26
209571,27
209571,28
209571,29
209571,3
209571,30
209571,31
209571,32
209571,33
209571,4
209571,5
209571,6
209571,7
209571,8
209571,9
209577,1
209577,10
209577,11
209577,12
209577,13
209577,14
209577,15
209577,16
209577,17
209577,18
209577,19
209577,2
209577,20
209577,21
209577,22
209577,23
209577,24
209577,25
209577,26
209577,3
209577,4
209577,5
209577,6
209577,7
209577,8
209577,9
209592,1
209592,10
209592,11
209592,12
209592,13
209592,14
209592,15
209592,16
209592,17
209592,18
209592,19
209592,2
209592,20
209592,21
209592,22
209592,23
209592,24
209592,25
209592,26
209592,27
209592,28
209592,29
209592,3
209592,30
209592,31
209592,32
209592,33
209592,34
209592,35
209592,36
209592,37
209592,38
209592,39
209592,4
209592,40
209592,5
209592,6
209592,7
209592,8
209592,9
209604,1
209604,10
209604,11
209604,12
209604,13
209604,14
209604,15
209604,16
209604,17
209604,18
209604,19
209604,2
209604,20
209604,21
209604,22
209604,23
209604,24
209604,25
209604,26
209604,27
209604,28
209604,29
209604,3
209604,30
209604,31
209604,32
209604,33
209604,34
209604,35
209604,36
209604,37
209604,38
209604,39
209604,4
209604,40
209604,5
209604,6
209604,7
209604,8
209604,9
209607,1
209607,10
209607,11
209607,12
209607,13
209607,14
209607,15
209607,16
209607,17
209607,18
209607,19
209607,2
209607,20
209607,21
209607,22
209607,23
209607,24
209607,25
209607,26
209607,27
209607,28
209607,29
209607,3
209607,30
209607,31
209607,4
209607,5
209607,6
209607,7
209607,8
209607,9
209619,1
209619,10
209619,11
209619,12
209619,13
209619,14
209619,15
209619,16
209619,17
209619,18
209619,2
209619,3
209619,4
209619,5
209619,6
209619,7
209619,8
209619,9
209646,1
209646,10
209646,11
209646,12
209646,13
209646,14
209646,15
209646,16
209646,17
209646,18
209646,19
209646,2
209646,20
209646,21
209646,22
209646,23
209646,24
209646,25
209646,26
209646,27
209646,28
209646,29
209646,3
209646,30
209646,31
209646,32
209646,33
209646,34
209646,35
209646,36
209646,37
209646,38
209646,39
209646,4
209646,40
209646,5
209646,6
209646,7
209646,8
209646,9
209652,1
209652,10
209652,11
209652,12
209652,13
209652,14
209652,15
209652,16
209652,17
209652,18
209652,19
209652,2
209652,20
209652,21
209652,22
209652,23
209652,24
209652,25
209652,26
209652,27
209652,28
209652,29
209652,3
209652,30
209652,31
209652,32
209652,33
209652,34
209652,35
209652,36
209652,37
209652,38
209652,39
209652,4
209652,40
209652,5
209652,6
209652,7
209652,8
209652,9
209661,1
209661,10
209661,11
209661,12
209661,13
209661,14
209661,15
209661,16
209661,17
209661,18
209661,19
209661,2
209661,20
209661,21
209661,22
209661,23
209661,24
209661,25
209661,26
209661,27
209661,28
209661,29
209661,3
209661,30
209661,31
209661,32
209661,33
209661,34
209661,35
209661,4
209661,5
209661,6
209661,7
209661,8
209661,9
209664,1
209664,10
209664,11
209664,12
209664,13
209664,14
209664,15
209664,16
209664,17
209664,18
209664,19
209664,2
209664,20
209664,21
209664,22
209664,23
209664,24
209664,25
209664,26
209664,27
209664,28
209664,29
209664,3
209664,30
209664,31
209664,32
209664,33
209664,34
209664,35
209664,36
209664,37
209664,38
209664,39
209664,4
209664,40
209664,5
209664,6
209664,7
209664,8
209664,9
209667,1
209667,10
209667,11
209667,12
209667,13
209667,14
209667,15
209667,16
209667,17
209667,18
209667,19
209667,2
209667,20
209667,21
209667,22
209667,23
209667,24
209667,3
209667,4
209667,5
209667,6
209667,7
209667,8
209667,9
209697,1
209697,10
209697,11
209697,12
209697,13
209697,14
209697,15
209697,16
209697,17
209697,18
209697,19
209697,2
209697,20
209697,21
209697,22
209697,23
209697,3
209697,4
209697,5
209697,6
209697,7
209697,8
209697,9
209706,1
209706,10
209706,11
209706,12
209706,13
209706,14
209706,15
209706,16
209706,17
209706,18
209706,19
209706,2
209706,20
209706,21
209706,22
209706,23
209706,24
209706,25
209706,26
209706,27
209706,28
209706,29
209706,3
209706,30
209706,31
209706,32
209706,33
209706,34
209706,35
209706,36
209706,37
209706,38
209706,39
209706,4
209706,40
209706,5
209706,6
209706,7
209706,8
209706,9
209712,1
209712,10
209712,11
209712,12
209712,13
209712,14
209712,15
209712,16
209712,17
209712,18
209712,19
209712,2
209712,20
209712,21
209712,22
209712,23
209712,24
209712,25
209712,26
209712,27
209712,28
209712,29
209712,3
209712,30
209712,31
209712,32
209712,33
209712,34
209712,35
209712,36
209712,37
209712,38
209712,39
209712,4
209712,40
209712,5
209712,6
209712,7
209712,8
209712,9
209721,1
209721,10
209721,11
209721,12
209721,13
209721,14
209721,15
209721,16
209721,17
209721,18
209721,19
209721,2
209721,20
209721,21
209721,22
209721,23
209721,24
209721,25
209721,26
209721,27
209721,28
209721,29
209721,3
209721,30
209721,31
209721,32
209721,33
209721,34
209721,35
209721,36
209721,37
209721,4
209721,5
209721,6
209721,7
209721,8
209721,9
209733,1
209733,10
209733,11
209733,12
209733,13
209733,14
209733,15
209733,16
209733,17
209733,18
209733,19
209733,2
209733,20
209733,21
209733,22
209733,23
209733,24
209733,25
209733,26
209733,27
209733,28
209733,29
209733,3
209733,30
209733,31
209733,32
209733,33
209733,34
209733,35
209733,36
209733,37
209733,38
209733,39
209733,4
209733,40
209733,5
209733,6
209733,7
209733,8
209733,9
209742,1
209742,10
209742,11
209742,12
209742,13
209742,14
209742,15
209742,16
209742,17
209742,18
209742,19
209742,2
209742,20
209742,21
209742,22
209742,23
209742,24
209742,25
209742,26
209742,3
209742,4
209742,5
209742,6
209742,7
209742,8
209742,9
209751,1
209751,10
209751,11
209751,12
209751,13
209751,14
209751,15
209751,16
209751,17
209751,18
209751,19
209751,2
209751,20
209751,21
209751,22
209751,23
209751,24
209751,25
209751,26
209751,27
209751,28
209751,29
209751,3
209751,30
209751,31
209751,32
209751,33
209751,34
209751,35
209751,36
209751,37
209751,38
209751,39
209751,4
209751,40
209751,5
209751,6
209751,7
209751,8
209751,9
209760,1
209760,10
209760,11
209760,12
209760,13
209760,14
209760,15
209760,16
209760,17
209760,18
209760,19
209760,2
209760,20
209760,21
209760,22
209760,23
209760,24
209760,25
209760,26
209760,27
209760,28
209760,29
209760,3
209760,30
209760,4
209760,5
209760,6
209760,7
209760,8
209760,9
209766,1
209766,10
209766,11
209766,12
209766,13
209766,14
209766,15
209766,16
209766,17
209766,18
209766,19
209766,2
209766,20
209766,21
209766,22
209766,23
209766,24
209766,25
209766,26
209766,27
209766,28
209766,3
209766,4
209766,5
209766,6
209766,7
209766,8
209766,9
209781,1
209781,10
209781,11
209781,12
209781,13
209781,14
209781,15
209781,16
209781,17
209781,18
209781,19
209781,2
209781,20
209781,3
209781,4
209781,5
209781,6
209781,7
209781,8
209781,9
209790,1
209790,10
209790,11
209790,12
209790,13
209790,14
209790,15
209790,16
209790,2
209790,3
209790,4
209790,5
209790,6
209790,7
209790,8
209790,9
209799,1
209799,10
209799,11
209799,12
209799,13
209799,14
209799,15
209799,16
209799,17
209799,18
209799,19
209799,2
209799,20
209799,21
209799,22
209799,23
209799,24
209799,25
209799,26
209799,27
209799,28
209799,29
209799,3
209799,30
209799,31
209799,4
209799,5
209799,6
209799,7
209799,8
209799,9
209808,1
209808,10
209808,11
209808,12
209808,13
209808,14
209808,15
209808,16
209808,17
209808,18
209808,19
209808,2
209808,20
209808,21
209808,22
209808,23
209808,24
209808,25
209808,26
209808,27
209808,28
209808,29
209808,3
209808,30
209808,31
209808,32
209808,33
209808,34
209808,35
209808,36
209808,37
209808,38
209808,39
209808,4
209808,40
209808,5
209808,6
209808,7
209808,8
209808,9
209814,1
209814,10
209814,11
209814,12
209814,13
209814,14
209814,15
209814,16
209814,17
209814,18
209814,19
209814,2
209814,20
209814,21
209814,22
209814,23
209814,24
209814,25
209814,26
209814,27
209814,28
209814,29
209814,3
209814,30
209814,31
209814,32
209814,33
209814,34
209814,35
209814,36
209814,37
209814,38
209814,39
209814,4
209814,40
209814,5
209814,6
209814,7
209814,8
209814,9
209823,1
209823,10
209823,11
209823,12
209823,13
209823,14
209823,15
209823,16
209823,17
209823,18
209823,19
209823,2
209823,20
209823,21
209823,22
209823,23
209823,24
209823,25
209823,26
209823,27
209823,28
209823,29
209823,3
209823,30
209823,31
209823,32
209823,33
209823,34
209823,35
209823,36
209823,37
209823,38
209823,39
209823,4
209823,40
209823,5
209823,6
209823,7
209823,8
209823,9
209835,1
209835,10
209835,11
209835,12
209835,13
209835,14
209835,15
209835,16
209835,17
209835,18
209835,19
209835,2
209835,20
209835,21
209835,22
209835,23
209835,24
209835,25
209835,26
209835,27
209835,28
209835,29
209835,3
209835,30
209835,31
209835,32
209835,4
209835,5
209835,6
209835,7
209835,8
209835,9
209838,1
209838,10
209838,11
209838,12
209838,13
209838,14
209838,15
209838,16
209838,17
209838,18
209838,19
209838,2
209838,20
209838,21
209838,22
209838,23
209838,24
209838,25
209838,26
209838,27
209838,28
209838,29
209838,3
209838,30
209838,31
209838,32
209838,33
209838,34
209838,4
209838,5
209838,6
209838,7
209838,8
209838,9
209841,1
209841,10
209841,11
209841,12
209841,13
209841,14
209841,15
209841,16
209841,17
209841,18
209841,19
209841,2
209841,20
209841,21
209841,22
209841,23
209841,24
209841,25
209841,26
209841,27
209841,28
209841,29
209841,3
209841,30
209841,31
209841,32
209841,33
209841,4
209841,5
209841,6
209841,7
209841,8
209841,9
209859,1
209859,10
209859,11
209859,12
209859,13
209859,14
209859,15
209859,16
209859,17
209859,18
209859,19
209859,2
209859,20
209859,3
209859,4
209859,5
209859,6
209859,7
209859,8
209859,9
209901,1
209901,10
209901,11
209901,12
209901,13
209901,14
209901,15
209901,16
209901,17
209901,18
209901,19
209901,2
209901,20
209901,21
209901,22
209901,23
209901,24
209901,25
209901,26
209901,27
209901,28
209901,29
209901,3
209901,30
209901,31
209901,32
209901,33
209901,34
209901,35
209901,36
209901,37
209901,38
209901,39
209901,4
209901,40
209901,5
209901,6
209901,7
209901,8
209901,9
209910,1
209910,10
209910,11
209910,12
209910,13
209910,14
209910,15
209910,16
209910,17
209910,18
209910,19
209910,2
209910,20
209910,21
209910,22
209910,23
209910,24
209910,25
209910,26
209910,27
209910,28
209910,29
209910,3
209910,30
209910,31
209910,32
209910,4
209910,5
209910,6
209910,7
209910,8
209910,9
209913,1
209913,10
209913,11
209913,12
209913,13
209913,14
209913,15
209913,16
209913,17
209913,18
209913,19
209913,2
209913,20
209913,21
209913,22
209913,23
209913,24
209913,25
209913,26
209913,27
209913,28
209913,29
209913,3
209913,30
209913,31
209913,32
209913,33
209913,34
209913,35
209913,36
209913,37
209913,38
209913,39
209913,4
209913,40
209913,5
209913,6
209913,7
209913,8
209913,9
209939,1
209939,10
209939,11
209939,12
209939,13
209939,14
209939,15
209939,16
209939,17
209939,18
209939,2
209939,3
209939,4
209939,5
209939,6
209939,7
209939,8
209939,9
209957,1
209957,10
209957,11
209957,12
209957,13
209957,14
209957,15
209957,16
209957,17
209957,18
209957,19
209957,2
209957,20
209957,21
209957,22
209957,23
209957,24
209957,25
209957,26
209957,27
209957,28
209957,3
209957,4
209957,5
209957,6
209957,7
209957,8
209957,9
210008,1
210008,10
210008,11
210008,12
210008,13
210008,14
210008,15
210008,16
210008,17
210008,18
210008,19
210008,2
210008,20
210008,21
210008,22
210008,23
210008,24
210008,25
210008,26
210008,27
210008,28
210008,29
210008,3
210008,30
210008,31
210008,32
210008,33
210008,34
210008,35
210008,36
210008,37
210008,38
210008,39
210008,4
210008,40
210008,5
210008,6
210008,7
210008,8
210008,9
210017,1
210017,10
210017,11
210017,12
210017,13
210017,14
210017,15
210017,16
210017,17
210017,18
210017,19
210017,2
210017,20
210017,21
210017,22
210017,23
210017,24
210017,25
210017,26
210017,27
210017,28
210017,29
210017,3
210017,30
210017,31
210017,32
210017,4
210017,5
210017,6
210017,7
210017,8
210017,9
210032,1
210032,10
210032,11
210032,12
210032,13
210032,14
210032,15
210032,16
210032,17
210032,18
210032,19
210032,2
210032,20
210032,21
210032,22
210032,23
210032,24
210032,25
210032,26
210032,27
210032,28
210032,29
210032,3
210032,30
210032,31
210032,32
210032,33
210032,34
210032,35
210032,36
210032,4
210032,5
210032,6
210032,7
210032,8
210032,9
210038,1
210038,10
210038,11
210038,12
210038,13
210038,14
210038,15
210038,16
210038,17
210038,18
210038,19
210038,2
210038,20
210038,21
210038,22
210038,23
210038,24
210038,25
210038,26
210038,27
210038,28
210038,29
210038,3
210038,30
210038,31
210038,32
210038,33
210038,34
210038,35
210038,36
210038,37
210038,38
210038,39
210038,4
210038,40
210038,5
210038,6
210038,7
210038,8
210038,9
210071,1
210071,10
210071,11
210071,12
210071,13
210071,14
210071,15
210071,16
210071,17
210071,18
210071,19
210071,2
210071,20
210071,21
210071,22
210071,23
210071,24
210071,25
210071,26
210071,27
210071,3
210071,4
210071,5
210071,6
210071,7
210071,8
210071,9
210086,1
210086,10
210086,11
210086,12
210086,13
210086,14
210086,15
210086,16
210086,17
210086,18
210086,19
210086,2
210086,20
210086,21
210086,22
210086,23
210086,24
210086,25
210086,26
210086,27
210086,28
210086,29
210086,3
210086,30
210086,31
210086,32
210086,33
210086,34
210086,35
210086,36
210086,37
210086,38
210086,39
210086,4
210086,40
210086,5
210086,6
210086,7
210086,8
210086,9
210107,1
210107,10
210107,11
210107,12
210107,13
210107,14
210107,15
210107,16
210107,17
210107,18
210107,19
210107,2
210107,20
210107,21
210107,22
210107,23
210107,24
210107,25
210107,26
210107,27
210107,28
210107,29
210107,3
210107,30
210107,31
210107,32
210107,33
210107,34
210107,35
210107,36
210107,37
210107,38
210107,39
210107,4
210107,40
210107,5
210107,6
210107,7
210107,8
210107,9
210119,1
210119,10
210119,11
210119,12
210119,13
210119,14
210119,15
210119,16
210119,17
210119,18
210119,19
210119,2
210119,20
210119,21
210119,22
210119,23
210119,24
210119,25
210119,26
210119,27
210119,3
210119,4
210119,5
210119,6
210119,7
210119,8
210119,9
210134,1
210134,10
210134,11
210134,12
210134,13
210134,14
210134,15
210134,16
210134,17
210134,18
210134,19
210134,2
210134,20
210134,21
210134,22
210134,23
210134,24
210134,25
210134,26
210134,27
210134,28
210134,3
210134,4
210134,5
210134,6
210134,7
210134,8
210134,9
210149,1
210149,10
210149,11
210149,12
210149,13
210149,14
210149,15
210149,16
210149,17
210149,18
210149,19
210149,2
210149,20
210149,21
210149,22
210149,23
210149,24
210149,25
210149,26
210149,27
210149,28
210149,29
210149,3
210149,30
210149,31
210149,32
210149,33
210149,34
210149,35
210149,36
210149,37
210149,38
210149,4
210149,5
210149,6
210149,7
210149,8
210149,9
210158,1
210158,10
210158,11
210158,12
210158,13
210158,14
210158,15
210158,16
210158,17
210158,18
210158,19
210158,2
210158,20
210158,21
210158,22
210158,23
210158,24
210158,25
210158,26
210158,27
210158,28
210158,29
210158,3
210158,30
210158,31
210158,32
210158,33
210158,34
210158,4
210158,5
210158,6
210158,7
210158,8
210158,9
210176,1
210176,10
210176,11
210176,12
210176,13
210176,14
210176,15
210176,16
210176,17
210176,18
210176,19
210176,2
210176,20
210176,21
210176,22
210176,23
210176,24
210176,25
210176,26
210176,27
210176,28
210176,3
210176,4
210176,5
210176,6
210176,7
210176,8
210176,9
210179,1
210179,10
210179,11
210179,12
210179,13
210179,14
210179,15
210179,16
210179,17
210179,18
210179,19
210179,2
210179,20
210179,21
210179,22
210179,23
210179,24
210179,25
210179,26
210179,27
210179,28
210179,29
210179,3
210179,30
210179,31
210179,32
210179,33
210179,34
210179,35
210179,36
210179,4
210179,5
210179,6
210179,7
210179,8
210179,9
210182,1
210182,10
210182,11
210182,12
210182,13
210182,14
210182,15
210182,16
210182,17
210182,18
210182,19
210182,2
210182,20
210182,21
210182,22
210182,23
210182,24
210182,25
210182,26
210182,27
210182,3
210182,4
210182,5
210182,6
210182,7
210182,8
210182,9
210185,1
210185,10
210185,11
210185,12
210185,13
210185,14
210185,15
210185,16
210185,17
210185,18
210185,19
210185,2
210185,20
210185,21
210185,22
210185,3
210185,4
210185,5
210185,6
210185,7
210185,8
210185,9
210197,1
210197,10
210197,11
210197,12
210197,13
210197,14
210197,15
210197,16
210197,17
210197,18
210197,19
210197,2
210197,20
210197,21
210197,22
210197,23
210197,24
210197,25
210197,26
210197,27
210197,28
210197,29
210197,3
210197,30
210197,31
210197,32
210197,33
210197,34
210197,4
210197,5
210197,6
210197,7
210197,8
210197,9
210200,1
210200,10
210200,11
210200,12
210200,13
210200,14
210200,15
210200,16
210200,17
210200,18
210200,19
210200,2
210200,20
210200,21
210200,22
210200,23
210200,24
210200,25
210200,26
210200,27
210200,28
210200,29
210200,3
210200,30
210200,31
210200,32
210200,4
210200,5
210200,6
210200,7
210200,8
210200,9
210206,1
210206,10
210206,11
210206,12
210206,13
210206,14
210206,15
210206,16
210206,17
210206,18
210206,19
210206,2
210206,20
210206,21
210206,22
210206,23
210206,24
210206,25
210206,26
210206,27
210206,28
210206,29
210206,3
210206,30
210206,31
210206,32
210206,33
210206,34
210206,35
210206,36
210206,37
210206,38
210206,39
210206,4
210206,40
210206,5
210206,6
210206,7
210206,8
210206,9
210224,1
210224,10
210224,11
210224,12
210224,13
210224,14
210224,15
210224,16
210224,17
210224,18
210224,19
210224,2
210224,20
210224,21
210224,22
210224,3
210224,4
210224,5
210224,6
210224,7
210224,8
210224,9
210248,1
210248,10
210248,11
210248,12
210248,13
210248,14
210248,15
210248,16
210248,17
210248,18
210248,19
210248,2
210248,20
210248,21
210248,22
210248,23
210248,24
210248,25
210248,26
210248,27
210248,28
210248,29
210248,3
210248,30
210248,31
210248,4
210248,5
210248,6
210248,7
210248,8
210248,9
210251,1
210251,10
210251,11
210251,12
210251,13
210251,14
210251,15
210251,16
210251,17
210251,18
210251,19
210251,2
210251,20
210251,21
210251,22
210251,23
210251,24
210251,25
210251,26
210251,27
210251,28
210251,29
210251,3
210251,30
210251,31
210251,32
210251,33
210251,34
210251,35
210251,36
210251,37
210251,38
210251,39
210251,4
210251,40
210251,5
210251,6
210251,7
210251,8
210251,9
210266,1
210266,10
210266,11
210266,12
210266,13
210266,14
210266,15
210266,16
210266,2
210266,3
210266,4
210266,5
210266,6
210266,7
210266,8
210266,9
210269,1
210269,10
210269,11
210269,12
210269,13
210269,14
210269,15
210269,16
210269,17
210269,18
210269,19
210269,2
210269,20
210269,21
210269,22
210269,23
210269,24
210269,3
210269,4
210269,5
210269,6
210269,7
210269,8
210269,9
210272,1
210272,10
210272,11
210272,12
210272,13
210272,14
210272,15
210272,16
210272,17
210272,18
210272,19
210272,2
210272,20
210272,21
210272,22
210272,23
210272,24
210272,25
210272,26
210272,27
210272,28
210272,29
210272,3
210272,30
210272,31
210272,32
210272,33
210272,34
210272,35
210272,36
210272,37
210272,38
210272,39
210272,4
210272,40
210272,5
210272,6
210272,7
210272,8
210272,9
210287,1
210287,10
210287,11
210287,12
210287,13
210287,14
210287,15
210287,16
210287,17
210287,18
210287,19
210287,2
210287,20
210287,21
210287,22
210287,23
210287,24
210287,25
210287,26
210287,27
210287,28
210287,29
210287,3
210287,30
210287,31
210287,32
210287,33
210287,4
210287,5
210287,6
210287,7
210287,8
210287,9
210329,1
210329,10
210329,11
210329,12
210329,13
210329,14
210329,15
210329,16
210329,17
210329,18
210329,19
210329,2
210329,20
210329,21
210329,22
210329,23
210329,24
210329,25
210329,26
210329,27
210329,28
210329,29
210329,3
210329,30
210329,31
210329,32
210329,33
210329,34
210329,35
210329,36
210329,37
210329,38
210329,39
210329,4
210329,40
210329,5
210329,6
210329,7
210329,8
210329,9
210344,1
210344,10
210344,11
210344,12
210344,13
210344,14
210344,15
210344,16
210344,17
210344,18
210344,19
210344,2
210344,20
210344,21
210344,22
210344,23
210344,24
210344,25
210344,26
210344,27
210344,28
210344,29
210344,3
210344,30
210344,4
210344,5
210344,6
210344,7
210344,8
210344,9
210347,1
210347,10
210347,11
210347,12
210347,13
210347,14
210347,15
210347,16
210347,17
210347,18
210347,19
210347,2
210347,20
210347,21
210347,22
210347,3
210347,4
210347,5
210347,6
210347,7
210347,8
210347,9
210362,1
210362,10
210362,11
210362,12
210362,13
210362,14
210362,15
210362,16
210362,17
210362,18
210362,2
210362,3
210362,4
210362,5
210362,6
210362,7
210362,8
210362,9
210365,1
210365,10
210365,11
210365,12
210365,13
210365,14
210365,15
210365,16
210365,17
210365,18
210365,19
210365,2
210365,20
210365,21
210365,22
210365,23
210365,24
210365,25
210365,26
210365,27
210365,28
210365,29
210365,3
210365,30
210365,31
210365,32
210365,4
210365,5
210365,6
210365,7
210365,8
210365,9
210386,1
210386,10
210386,11
210386,12
210386,13
210386,14
210386,15
210386,16
210386,17
210386,18
210386,19
210386,2
210386,20
210386,21
210386,22
210386,23
210386,24
210386,3
210386,4
210386,5
210386,6
210386,7
210386,8
210386,9
210398,1
210398,10
210398,11
210398,12
210398,13
210398,14
210398,15
210398,16
210398,17
210398,18
210398,19
210398,2
210398,20
210398,21
210398,22
210398,23
210398,3
210398,4
210398,5
210398,6
210398,7
210398,8
210398,9
210401,1
210401,10
210401,11
210401,12
210401,13
210401,14
210401,15
210401,16
210401,17
210401,18
210401,19
210401,2
210401,20
210401,21
210401,22
210401,23
210401,24
210401,25
210401,26
210401,27
210401,28
210401,29
210401,3
210401,30
210401,31
210401,32
210401,33
210401,34
210401,35
210401,36
210401,37
210401,38
210401,39
210401,4
210401,40
210401,5
210401,6
210401,7
210401,8
210401,9
210416,1
210416,10
210416,11
210416,12
210416,13
210416,14
210416,15
210416,16
210416,17
210416,18
210416,19
210416,2
210416,20
210416,21
210416,22
210416,23
210416,24
210416,25
210416,26
210416,27
210416,28
210416,29
210416,3
210416,30
210416,31
210416,32
210416,33
210416,34
210416,35
210416,36
210416,37
210416,38
210416,39
210416,4
210416,40
210416,5
210416,6
210416,7
210416,8
210416,9
210422,1
210422,10
210422,11
210422,12
210422,13
210422,14
210422,15
210422,16
210422,17
210422,18
210422,19
210422,2
210422,20
210422,21
210422,22
210422,23
210422,24
210422,25
210422,26
210422,27
210422,28
210422,29
210422,3
210422,30
210422,31
210422,4
210422,5
210422,6
210422,7
210422,8
210422,9
210467,1
210467,10
210467,11
210467,12
210467,13
210467,14
210467,15
210467,16
210467,17
210467,18
210467,19
210467,2
210467,20
210467,21
210467,22
210467,23
210467,24
210467,25
210467,26
210467,27
210467,28
210467,3
210467,4
210467,5
210467,6
210467,7
210467,8
210467,9
210476,1
210476,10
210476,11
210476,12
210476,13
210476,14
210476,15
210476,16
210476,17
210476,18
210476,19
210476,2
210476,20
210476,21
210476,22
210476,23
210476,24
210476,25
210476,26
210476,27
210476,28
210476,29
210476,3
210476,30
210476,31
210476,32
210476,33
210476,34
210476,4
210476,5
210476,6
210476,7
210476,8
210476,9
210494,1
210494,10
210494,11
210494,12
210494,13
210494,14
210494,15
210494,16
210494,17
210494,18
210494,19
210494,2
210494,20
210494,21
210494,22
210494,23
210494,24
210494,25
210494,26
210494,27
210494,28
210494,29
210494,3
210494,30
210494,4
210494,5
210494,6
210494,7
210494,8
210494,9
210497,1
210497,10
210497,11
210497,12
210497,13
210497,14
210497,15
210497,16
210497,17
210497,18
210497,19
210497,2
210497,20
210497,21
210497,22
210497,23
210497,24
210497,25
210497,26
210497,27
210497,28
210497,29
210497,3
210497,30
210497,31
210497,32
210497,33
210497,34
210497,35
210497,36
210497,37
210497,38
210497,39
210497,4
210497,40
210497,5
210497,6
210497,7
210497,8
210497,9
210509,1
210509,10
210509,11
210509,12
210509,13
210509,14
210509,15
210509,16
210509,17
210509,18
210509,19
210509,2
210509,20
210509,21
210509,22
210509,23
210509,24
210509,25
210509,26
210509,27
210509,28
210509,29
210509,3
210509,30
210509,31
210509,32
210509,33
210509,34
210509,35
210509,36
210509,37
210509,38
210509,39
210509,4
210509,40
210509,5
210509,6
210509,7
210509,8
210509,9
210518,1
210518,10
210518,11
210518,12
210518,13
210518,14
210518,15
210518,16
210518,17
210518,18
210518,19
210518,2
210518,20
210518,21
210518,22
210518,23
210518,24
210518,3
210518,4
210518,5
210518,6
210518,7
210518,8
210518,9
210521,1
210521,10
210521,11
210521,12
210521,13
210521,14
210521,15
210521,16
210521,17
210521,18
210521,19
210521,2
210521,20
210521,21
210521,22
210521,23
210521,24
210521,25
210521,26
210521,3
210521,4
210521,5
210521,6
210521,7
210521,8
210521,9
210563,1
210563,10
210563,11
210563,12
210563,13
210563,14
210563,15
210563,16
210563,17
210563,18
210563,19
210563,2
210563,20
210563,3
210563,4
210563,5
210563,6
210563,7
210563,8
210563,9
210566,1
210566,10
210566,11
210566,12
210566,13
210566,14
210566,15
210566,16
210566,17
210566,18
210566,19
210566,2
210566,20
210566,21
210566,22
210566,3
210566,4
210566,5
210566,6
210566,7
210566,8
210566,9
210572,1
210572,10
210572,11
210572,12
210572,13
210572,14
210572,15
210572,16
210572,17
210572,18
210572,19
210572,2
210572,20
210572,21
210572,22
210572,23
210572,24
210572,25
210572,26
210572,27
210572,28
210572,29
210572,3
210572,30
210572,31
210572,32
210572,33
210572,34
210572,35
210572,36
210572,37
210572,38
210572,39
210572,4
210572,5
210572,6
210572,7
210572,8
210572,9
210581,1
210581,10
210581,11
210581,12
210581,13
210581,14
210581,15
210581,16
210581,17
210581,18
210581,19
210581,2
210581,20
210581,21
210581,22
210581,23
210581,24
210581,25
210581,26
210581,27
210581,28
210581,29
210581,3
210581,4
210581,5
210581,6
210581,7
210581,8
210581,9
210587,1
210587,10
210587,11
210587,12
210587,13
210587,14
210587,15
210587,16
210587,17
210587,18
210587,19
210587,2
210587,20
210587,21
210587,22
210587,23
210587,24
210587,25
210587,26
210587,27
210587,28
210587,29
210587,3
210587,30
210587,31
210587,32
210587,33
210587,34
210587,35
210587,36
210587,37
210587,38
210587,39
210587,4
210587,40
210587,5
210587,6
210587,7
210587,8
210587,9
210593,1
210593,10
210593,11
210593,12
210593,13
210593,14
210593,15
210593,16
210593,17
210593,18
210593,19
210593,2
210593,20
210593,21
210593,22
210593,23
210593,24
210593,25
210593,26
210593,27
210593,28
210593,29
210593,3
210593,30
210593,31
210593,32
210593,33
210593,34
210593,35
210593,36
210593,37
210593,38
210593,39
210593,4
210593,40
210593,5
210593,6
210593,7
210593,8
210593,9
210599,1
210599,10
210599,11
210599,12
210599,13
210599,14
210599,15
210599,16
210599,17
210599,18
210599,19
210599,2
210599,20
210599,3
210599,4
210599,5
210599,6
210599,7
210599,8
210599,9
210617,1
210617,10
210617,11
210617,12
210617,13
210617,14
210617,15
210617,16
210617,17
210617,18
210617,19
210617,2
210617,20
210617,21
210617,22
210617,23
210617,24
210617,25
210617,26
210617,27
210617,3
210617,4
210617,5
210617,6
210617,7
210617,8
210617,9
210629,1
210629,10
210629,11
210629,12
210629,13
210629,14
210629,15
210629,16
210629,17
210629,18
210629,19
210629,2
210629,20
210629,21
210629,22
210629,23
210629,24
210629,25
210629,26
210629,27
210629,28
210629,29
210629,3
210629,30
210629,31
210629,32
210629,33
210629,34
210629,35
210629,36
210629,37
210629,38
210629,39
210629,4
210629,40
210629,5
210629,6
210629,7
210629,8
210629,9
210632,1
210632,10
210632,11
210632,12
210632,13
210632,14
210632,15
210632,16
210632,17
210632,18
210632,2
210632,3
210632,4
210632,5
210632,6
210632,7
210632,8
210632,9
210638,1
210638,10
210638,11
210638,12
210638,13
210638,14
210638,15
210638,16
210638,17
210638,18
210638,19
210638,2
210638,20
210638,3
210638,4
210638,5
210638,6
210638,7
210638,8
210638,9
210659,1
210659,10
210659,11
210659,12
210659,13
210659,14
210659,15
210659,16
210659,17
210659,18
210659,19
210659,2
210659,20
210659,21
210659,22
210659,23
210659,24
210659,25
210659,26
210659,27
210659,28
210659,3
210659,4
210659,5
210659,6
210659,7
210659,8
210659,9
210668,1
210668,10
210668,11
210668,12
210668,13
210668,14
210668,15
210668,16
210668,17
210668,18
210668,19
210668,2
210668,20
210668,21
210668,22
210668,3
210668,4
210668,5
210668,6
210668,7
210668,8
210668,9
210671,1
210671,10
210671,11
210671,12
210671,13
210671,14
210671,15
210671,16
210671,17
210671,18
210671,19
210671,2
210671,20
210671,21
210671,22
210671,23
210671,24
210671,25
210671,26
210671,27
210671,28
210671,29
210671,3
210671,30
210671,31
210671,32
210671,33
210671,34
210671,35
210671,36
210671,37
210671,38
210671,39
210671,4
210671,40
210671,5
210671,6
210671,7
210671,8
210671,9
210683,1
210683,10
210683,11
210683,12
210683,13
210683,14
210683,15
210683,16
210683,17
210683,18
210683,19
210683,2
210683,20
210683,21
210683,22
210683,23
210683,24
210683,3
210683,4
210683,5
210683,6
210683,7
210683,8
210683,9
210689,1
210689,10
210689,11
210689,12
210689,13
210689,14
210689,15
210689,16
210689,17
210689,18
210689,19
210689,2
210689,20
210689,21
210689,22
210689,23
210689,24
210689,25
210689,26
210689,27
210689,28
210689,29
210689,3
210689,30
210689,31
210689,32
210689,33
210689,34
210689,35
210689,36
210689,37
210689,38
210689,39
210689,4
210689,40
210689,5
210689,6
210689,7
210689,8
210689,9
210704,1
210704,10
210704,11
210704,12
210704,13
210704,14
210704,15
210704,16
210704,17
210704,18
210704,19
210704,2
210704,20
210704,21
210704,22
210704,23
210704,24
210704,25
210704,26
210704,27
210704,28
210704,29
210704,3
210704,30
210704,31
210704,32
210704,33
210704,34
210704,35
210704,36
210704,37
210704,38
210704,39
210704,4
210704,40
210704,5
210704,6
210704,7
210704,8
210704,9
210719,1
210719,10
210719,11
210719,12
210719,13
210719,14
210719,15
210719,16
210719,17
210719,18
210719,19
210719,2
210719,20
210719,21
210719,22
210719,23
210719,24
210719,25
210719,26
210719,27
210719,28
210719,29
210719,3
210719,30
210719,31
210719,32
210719,33
210719,34
210719,35
210719,36
210719,37
210719,38
210719,39
210719,4
210719,40
210719,5
210719,6
210719,7
210719,8
210719,9
210722,1
210722,10
210722,11
210722,12
210722,13
210722,14
210722,15
210722,16
210722,17
210722,18
210722,19
210722,2
210722,20
210722,21
210722,22
210722,3
210722,4
210722,5
210722,6
210722,7
210722,8
210722,9
210725,1
210725,10
210725,11
210725,12
210725,13
210725,14
210725,15
210725,16
210725,17
210725,18
210725,19
210725,2
210725,20
210725,21
210725,22
210725,23
210725,24
210725,25
210725,26
210725,27
210725,28
210725,29
210725,3
210725,30
210725,31
210725,32
210725,33
210725,34
210725,35
210725,4
210725,5
210725,6
210725,7
210725,8
210725,9
210755,1
210755,10
210755,11
210755,12
210755,13
210755,14
210755,15
210755,16
210755,2
210755,3
210755,4
210755,5
210755,6
210755,7
210755,8
210755,9
210758,1
210758,10
210758,11
210758,12
210758,13
210758,14
210758,15
210758,16
210758,17
210758,18
210758,19
210758,2
210758,20
210758,21
210758,22
210758,23
210758,24
210758,25
210758,26
210758,27
210758,28
210758,29
210758,3
210758,30
210758,31
210758,32
210758,33
210758,34
210758,35
210758,36
210758,4
210758,5
210758,6
210758,7
210758,8
210758,9
210791,1
210791,10
210791,11
210791,12
210791,13
210791,14
210791,15
210791,16
210791,17
210791,18
210791,19
210791,2
210791,20
210791,21
210791,22
210791,23
210791,24
210791,25
210791,26
210791,27
210791,28
210791,29
210791,3
210791,30
210791,4
210791,5
210791,6
210791,7
210791,8
210791,9
210794,1
210794,10
210794,11
210794,12
210794,13
210794,14
210794,15
210794,16
210794,17
210794,18
210794,19
210794,2
210794,20
210794,21
210794,22
210794,23
210794,24
210794,25
210794,26
210794,27
210794,28
210794,29
210794,3
210794,30
210794,31
210794,32
210794,33
210794,4
210794,5
210794,6
210794,7
210794,8
210794,9
210800,1
210800,10
210800,11
210800,12
210800,13
210800,14
210800,15
210800,16
210800,17
210800,18
210800,19
210800,2
210800,20
210800,21
210800,22
210800,23
210800,24
210800,25
210800,3
210800,4
210800,5
210800,6
210800,7
210800,8
210800,9
210806,1
210806,10
210806,11
210806,12
210806,13
210806,14
210806,15
210806,16
210806,17
210806,18
210806,19
210806,2
210806,20
210806,21
210806,22
210806,23
210806,24
210806,25
210806,26
210806,27
210806,28
210806,29
210806,3
210806,30
210806,31
210806,32
210806,33
210806,34
210806,35
210806,36
210806,4
210806,5
210806,6
210806,7
210806,8
210806,9
210815,1
210815,10
210815,11
210815,12
210815,13
210815,14
210815,15
210815,16
210815,17
210815,18
210815,19
210815,2
210815,20
210815,21
210815,22
210815,23
210815,24
210815,25
210815,26
210815,27
210815,28
210815,29
210815,3
210815,30
210815,31
210815,32
210815,33
210815,34
210815,35
210815,36
210815,37
210815,38
210815,39
210815,4
210815,40
210815,5
210815,6
210815,7
210815,8
210815,9
210827,1
210827,10
210827,11
210827,12
210827,13
210827,14
210827,15
210827,16
210827,17
210827,18
210827,19
210827,2
210827,20
210827,21
210827,22
210827,23
210827,24
210827,25
210827,26
210827,27
210827,28
210827,29
210827,3
210827,30
210827,4
210827,5
210827,6
210827,7
210827,8
210827,9
210830,1
210830,10
210830,11
210830,12
210830,13
210830,14
210830,15
210830,16
210830,17
210830,18
210830,19
210830,2
210830,20
210830,21
210830,22
210830,23
210830,24
210830,25
210830,26
210830,27
210830,28
210830,29
210830,3
210830,30
210830,31
210830,32
210830,33
210830,34
210830,35
210830,36
210830,37
210830,38
210830,39
210830,4
210830,40
210830,5
210830,6
210830,7
210830,8
210830,9
210833,1
210833,10
210833,11
210833,12
210833,13
210833,14
210833,15
210833,16
210833,17
210833,18
210833,19
210833,2
210833,20
210833,21
210833,22
210833,23
210833,24
210833,25
210833,26
210833,3
210833,4
210833,5
210833,6
210833,7
210833,8
210833,9
210857,1
210857,10
210857,11
210857,12
210857,13
210857,14
210857,15
210857,16
210857,17
210857,18
210857,19
210857,2
210857,20
210857,21
210857,22
210857,23
210857,24
210857,25
210857,26
210857,27
210857,28
210857,29
210857,3
210857,4
210857,5
210857,6
210857,7
210857,8
210857,9
210866,1
210866,10
210866,11
210866,12
210866,13
210866,14
210866,15
210866,16
210866,17
210866,18
210866,19
210866,2
210866,20
210866,21
210866,22
210866,23
210866,24
210866,25
210866,26
210866,27
210866,28
210866,29
210866,3
210866,30
210866,31
210866,32
210866,33
210866,34
210866,35
210866,36
210866,37
210866,38
210866,39
210866,4
210866,5
210866,6
210866,7
210866,8
210866,9
210872,1
210872,10
210872,11
210872,12
210872,13
210872,14
210872,15
210872,16
210872,17
210872,18
210872,19
210872,2
210872,20
210872,21
210872,22
210872,23
210872,24
210872,25
210872,26
210872,27
210872,28
210872,29
210872,3
210872,30
210872,4
210872,5
210872,6
210872,7
210872,8
210872,9
210890,1
210890,10
210890,11
210890,12
210890,13
210890,14
210890,15
210890,16
210890,17
210890,18
210890,19
210890,2
210890,20
210890,21
210890,22
210890,23
210890,24
210890,25
210890,26
210890,27
210890,28
210890,29
210890,3
210890,30
210890,31
210890,32
210890,33
210890,34
210890,35
210890,36
210890,37
210890,38
210890,39
210890,4
210890,40
210890,5
210890,6
210890,7
210890,8
210890,9
210914,1
210914,10
210914,11
210914,12
210914,13
210914,14
210914,15
210914,16
210914,17
210914,18
210914,19
210914,2
210914,20
210914,21
210914,22
210914,23
210914,24
210914,25
210914,3
210914,4
210914,5
210914,6
210914,7
210914,8
210914,9
210923,1
210923,10
210923,11
210923,12
210923,13
210923,14
210923,15
210923,16
210923,17
210923,18
210923,19
210923,2
210923,20
210923,21
210923,22
210923,23
210923,24
210923,25
210923,26
210923,27
210923,28
210923,29
210923,3
210923,30
210923,31
210923,32
210923,33
210923,34
210923,35
210923,36
210923,37
210923,38
210923,39
210923,4
210923,40
210923,5
210923,6
210923,7
210923,8
210923,9
210966,1
210966,10
210966,11
210966,12
210966,13
210966,14
210966,15
210966,16
210966,17
210966,18
210966,19
210966,2
210966,20
210966,21
210966,22
210966,23
210966,24
210966,3
210966,4
210966,5
210966,6
210966,7
210966,8
210966,9
210969,1
210969,10
210969,11
210969,12
210969,13
210969,14
210969,15
210969,16
210969,17
210969,18
210969,19
210969,2
210969,20
210969,21
210969,22
210969,23
210969,24
210969,25
210969,26
210969,27
210969,3
210969,4
210969,5
210969,6
210969,7
210969,8
210969,9
210987,1
210987,10
210987,11
210987,12
210987,13
210987,14
210987,15
210987,16
210987,17
210987,18
210987,19
210987,2
210987,20
210987,21
210987,22
210987,23
210987,24
210987,25
210987,26
210987,27
210987,28
210987,29
210987,3
210987,30
210987,31
210987,32
210987,33
210987,34
210987,35
210987,36
210987,37
210987,38
210987,39
210987,4
210987,40
210987,5
210987,6
210987,7
210987,8
210987,9
211002,1
211002,10
211002,11
211002,12
211002,13
211002,14
211002,15
211002,16
211002,17
211002,18
211002,19
211002,2
211002,20
211002,21
211002,22
211002,23
211002,24
211002,25
211002,26
211002,27
211002,28
211002,3
211002,4
211002,5
211002,6
211002,7
211002,8
211002,9
211008,1
211008,10
211008,11
211008,12
211008,13
211008,14
211008,15
211008,16
211008,17
211008,18
211008,19
211008,2
211008,20
211008,21
211008,22
211008,23
211008,24
211008,25
211008,26
211008,27
211008,28
211008,29
211008,3
211008,30
211008,31
211008,32
211008,33
211008,4
211008,5
211008,6
211008,7
211008,8
211008,9
211011,1
211011,10
211011,11
211011,12
211011,13
211011,14
211011,15
211011,16
211011,17
211011,18
211011,19
211011,2
211011,20
211011,21
211011,22
211011,23
211011,24
211011,3
211011,4
211011,5
211011,6
211011,7
211011,8
211011,9
211029,1
211029,10
211029,11
211029,12
211029,13
211029,14
211029,15
211029,16
211029,17
211029,18
211029,19
211029,2
211029,20
211029,21
211029,22
211029,23
211029,24
211029,25
211029,26
211029,27
211029,28
211029,29
211029,3
211029,30
211029,31
211029,32
211029,4
211029,5
211029,6
211029,7
211029,8
211029,9
211035,1
211035,10
211035,11
211035,12
211035,13
211035,14
211035,15
211035,16
211035,17
211035,18
211035,19
211035,2
211035,20
211035,21
211035,22
211035,23
211035,24
211035,25
211035,26
211035,27
211035,28
211035,29
211035,3
211035,30
211035,4
211035,5
211035,6
211035,7
211035,8
211035,9
211038,1
211038,10
211038,11
211038,12
211038,13
211038,14
211038,15
211038,16
211038,17
211038,18
211038,19
211038,2
211038,20
211038,21
211038,22
211038,23
211038,24
211038,25
211038,26
211038,27
211038,28
211038,29
211038,3
211038,30
211038,31
211038,32
211038,33
211038,34
211038,35
211038,36
211038,37
211038,38
211038,39
211038,4
211038,40
211038,5
211038,6
211038,7
211038,8
211038,9
211044,1
211044,10
211044,11
211044,12
211044,13
211044,14
211044,15
211044,16
211044,17
211044,18
211044,19
211044,2
211044,20
211044,21
211044,22
211044,23
211044,24
211044,25
211044,26
211044,27
211044,28
211044,29
211044,3
211044,30
211044,31
211044,32
211044,33
211044,34
211044,35
211044,36
211044,37
211044,38
211044,39
211044,4
211044,40
211044,5
211044,6
211044,7
211044,8
211044,9
211059,1
211059,10
211059,11
211059,12
211059,13
211059,14
211059,15
211059,16
211059,17
211059,18
211059,19
211059,2
211059,20
211059,21
211059,22
211059,23
211059,24
211059,25
211059,26
211059,27
211059,28
211059,29
211059,3
211059,30
211059,31
211059,32
211059,33
211059,34
211059,35
211059,4
211059,5
211059,6
211059,7
211059,8
211059,9
211074,1
211074,10
211074,11
211074,12
211074,13
211074,14
211074,15
211074,16
211074,17
211074,18
211074,19
211074,2
211074,20
211074,21
211074,22
211074,23
211074,24
211074,25
211074,26
211074,27
211074,28
211074,29
211074,3
211074,30
211074,31
211074,32
211074,33
211074,34
211074,35
211074,36
211074,37
211074,38
211074,39
211074,4
211074,40
211074,5
211074,6
211074,7
211074,8
211074,9
211083,1
211083,10
211083,11
211083,12
211083,13
211083,14
211083,15
211083,16
211083,17
211083,18
211083,19
211083,2
211083,20
211083,21
211083,22
211083,23
211083,24
211083,25
211083,26
211083,27
211083,28
211083,3
211083,4
211083,5
211083,6
211083,7
211083,8
211083,9
211086,1
211086,10
211086,11
211086,12
211086,13
211086,14
211086,15
211086,16
211086,17
211086,18
211086,19
211086,2
211086,20
211086,21
211086,22
211086,23
211086,3
211086,4
211086,5
211086,6
211086,7
211086,8
211086,9
211095,1
211095,10
211095,11
211095,12
211095,13
211095,14
211095,15
211095,16
211095,17
211095,18
211095,19
211095,2
211095,20
211095,21
211095,22
211095,23
211095,24
211095,25
211095,26
211095,3
211095,4
211095,5
211095,6
211095,7
211095,8
211095,9
211098,1
211098,10
211098,11
211098,12
211098,13
211098,14
211098,15
211098,16
211098,17
211098,18
211098,19
211098,2
211098,20
211098,21
211098,22
211098,23
211098,24
211098,25
211098,26
211098,27
211098,28
211098,29
211098,3
211098,30
211098,31
211098,32
211098,33
211098,34
211098,35
211098,36
211098,37
211098,38
211098,39
211098,4
211098,40
211098,5
211098,6
211098,7
211098,8
211098,9
211110,1
211110,10
211110,11
211110,12
211110,13
211110,14
211110,15
211110,16
211110,17
211110,18
211110,19
211110,2
211110,20
211110,21
211110,22
211110,23
211110,24
211110,25
211110,26
211110,27
211110,28
211110,29
211110,3
211110,30
211110,31
211110,32
211110,4
211110,5
211110,6
211110,7
211110,8
211110,9
211113,1
211113,10
211113,11
211113,12
211113,13
211113,14
211113,15
211113,16
211113,17
211113,18
211113,19
211113,2
211113,20
211113,21
211113,22
211113,23
211113,24
211113,25
211113,26
211113,27
211113,28
211113,29
211113,3
211113,30
211113,31
211113,32
211113,33
211113,34
211113,35
211113,4
211113,5
211113,6
211113,7
211113,8
211113,9
211116,1
211116,10
211116,11
211116,12
211116,13
211116,14
211116,15
211116,16
211116,17
211116,18
211116,19
211116,2
211116,20
211116,21
211116,22
211116,23
211116,24
211116,25
211116,26
211116,27
211116,28
211116,29
211116,3
211116,30
211116,4
211116,5
211116,6
211116,7
211116,8
211116,9
211122,1
211122,10
211122,11
211122,12
211122,13
211122,14
211122,15
211122,16
211122,17
211122,18
211122,19
211122,2
211122,20
211122,21
211122,22
211122,3
211122,4
211122,5
211122,6
211122,7
211122,8
211122,9
211125,1
211125,10
211125,11
211125,12
211125,13
211125,14
211125,15
211125,16
211125,17
211125,18
211125,19
211125,2
211125,20
211125,21
211125,22
211125,3
211125,4
211125,5
211125,6
211125,7
211125,8
211125,9
211134,1
211134,10
211134,11
211134,12
211134,13
211134,14
211134,15
211134,16
211134,17
211134,18
211134,19
211134,2
211134,20
211134,21
211134,22
211134,23
211134,24
211134,25
211134,26
211134,27
211134,28
211134,29
211134,3
211134,30
211134,31
211134,32
211134,33
211134,34
211134,35
211134,36
211134,37
211134,38
211134,39
211134,4
211134,40
211134,5
211134,6
211134,7
211134,8
211134,9
211155,1
211155,10
211155,11
211155,12
211155,13
211155,14
211155,15
211155,16
211155,17
211155,18
211155,19
211155,2
211155,20
211155,21
211155,22
211155,23
211155,3
211155,4
211155,5
211155,6
211155,7
211155,8
211155,9
211158,1
211158,10
211158,11
211158,12
211158,13
211158,14
211158,15
211158,16
211158,17
211158,18
211158,19
211158,2
211158,20
211158,21
211158,22
211158,23
211158,24
211158,25
211158,26
211158,27
211158,28
211158,29
211158,3
211158,30
211158,31
211158,32
211158,33
211158,34
211158,35
211158,36
211158,37
211158,38
211158,39
211158,4
211158,40
211158,5
211158,6
211158,7
211158,8
211158,9
211164,1
211164,10
211164,11
211164,12
211164,13
211164,14
211164,15
211164,16
211164,17
211164,18
211164,19
211164,2
211164,20
211164,21
211164,22
211164,23
211164,24
211164,25
211164,26
211164,27
211164,28
211164,29
211164,3
211164,30
211164,31
211164,32
211164,33
211164,34
211164,35
211164,36
211164,37
211164,38
211164,39
211164,4
211164,40
211164,5
211164,6
211164,7
211164,8
211164,9
211176,1
211176,10
211176,11
211176,12
211176,13
211176,14
211176,15
211176,16
211176,17
211176,18
211176,19
211176,2
211176,20
211176,21
211176,22
211176,23
211176,24
211176,25
211176,26
211176,27
211176,3
211176,4
211176,5
211176,6
211176,7
211176,8
211176,9
211212,1
211212,10
211212,11
211212,12
211212,13
211212,14
211212,15
211212,16
211212,17
211212,18
211212,19
211212,2
211212,20
211212,21
211212,22
211212,23
211212,24
211212,25
211212,26
211212,27
211212,28
211212,29
211212,3
211212,30
211212,31
211212,32
211212,33
211212,34
211212,35
211212,36
211212,37
211212,38
211212,39
211212,4
211212,40
211212,5
211212,6
211212,7
211212,8
211212,9
211224,1
211224,10
211224,11
211224,12
211224,13
211224,14
211224,15
211224,16
211224,17
211224,18
211224,19
211224,2
211224,20
211224,21
211224,22
211224,23
211224,24
211224,3
211224,4
211224,5
211224,6
211224,7
211224,8
211224,9
211227,1
211227,10
211227,11
211227,12
211227,13
211227,14
211227,15
211227,16
211227,17
211227,18
211227,19
211227,2
211227,20
211227,21
211227,22
211227,23
211227,24
211227,25
211227,26
211227,3
211227,4
211227,5
211227,6
211227,7
211227,8
211227,9
211245,1
211245,10
211245,11
211245,12
211245,13
211245,14
211245,15
211245,16
211245,17
211245,18
211245,19
211245,2
211245,20
211245,21
211245,22
211245,23
211245,24
211245,25
211245,26
211245,27
211245,28
211245,29
211245,3
211245,30
211245,31
211245,4
211245,5
211245,6
211245,7
211245,8
211245,9
211248,1
211248,10
211248,11
211248,12
211248,13
211248,14
211248,15
211248,16
211248,17
211248,18
211248,19
211248,2
211248,20
211248,3
211248,4
211248,5
211248,6
211248,7
211248,8
211248,9
211254,1
211254,10
211254,11
211254,12
211254,13
211254,14
211254,15
211254,16
211254,17
211254,18
211254,19
211254,2
211254,20
211254,21
211254,22
211254,23
211254,24
211254,25
211254,26
211254,27
211254,28
211254,29
211254,3
211254,30
211254,31
211254,32
211254,33
211254,34
211254,35
211254,36
211254,37
211254,38
211254,39
211254,4
211254,40
211254,5
211254,6
211254,7
211254,8
211254,9
211257,1
211257,10
211257,11
211257,12
211257,13
211257,14
211257,15
211257,16
211257,17
211257,18
211257,19
211257,2
211257,20
211257,21
211257,22
211257,23
211257,24
211257,25
211257,26
211257,27
211257,28
211257,29
211257,3
211257,30
211257,31
211257,32
211257,33
211257,34
211257,35
211257,36
211257,37
211257,38
211257,39
211257,4
211257,40
211257,5
211257,6
211257,7
211257,8
211257,9
211263,1
211263,10
211263,11
211263,12
211263,13
211263,14
211263,15
211263,16
211263,17
211263,18
211263,19
211263,2
211263,20
211263,21
211263,22
211263,23
211263,24
211263,25
211263,26
211263,27
211263,28
211263,29
211263,3
211263,30
211263,4
211263,5
211263,6
211263,7
211263,8
211263,9
211269,1
211269,10
211269,11
211269,12
211269,13
211269,14
211269,15
211269,16
211269,17
211269,18
211269,19
211269,2
211269,20
211269,21
211269,22
211269,23
211269,24
211269,25
211269,26
211269,27
211269,28
211269,3
211269,4
211269,5
211269,6
211269,7
211269,8
211269,9
211275,1
211275,10
211275,11
211275,12
211275,13
211275,14
211275,15
211275,16
211275,17
211275,18
211275,19
211275,2
211275,20
211275,21
211275,22
211275,23
211275,24
211275,25
211275,26
211275,27
211275,28
211275,29
211275,3
211275,30
211275,31
211275,32
211275,33
211275,34
211275,35
211275,36
211275,37
211275,38
211275,39
211275,4
211275,40
211275,5
211275,6
211275,7
211275,8
211275,9
211281,1
211281,10
211281,11
211281,12
211281,13
211281,14
211281,15
211281,16
211281,17
211281,18
211281,19
211281,2
211281,20
211281,21
211281,22
211281,23
211281,24
211281,25
211281,26
211281,3
211281,4
211281,5
211281,6
211281,7
211281,8
211281,9
211287,1
211287,10
211287,11
211287,12
211287,13
211287,14
211287,15
211287,16
211287,17
211287,18
211287,19
211287,2
211287,20
211287,21
211287,22
211287,23
211287,24
211287,25
211287,26
211287,27
211287,28
211287,3
211287,4
211287,5
211287,6
211287,7
211287,8
211287,9
211317,1
211317,10
211317,11
211317,12
211317,13
211317,14
211317,15
211317,16
211317,17
211317,18
211317,19
211317,2
211317,20
211317,21
211317,22
211317,23
211317,24
211317,3
211317,4
211317,5
211317,6
211317,7
211317,8
211317,9
211323,1
211323,10
211323,11
211323,12
211323,13
211323,14
211323,15
211323,16
211323,17
211323,18
211323,19
211323,2
211323,20
211323,21
211323,22
211323,23
211323,24
211323,25
211323,26
211323,27
211323,28
211323,29
211323,3
211323,30
211323,31
211323,32
211323,33
211323,34
211323,35
211323,36
211323,4
211323,5
211323,6
211323,7
211323,8
211323,9
211335,1
211335,10
211335,11
211335,12
211335,13
211335,14
211335,15
211335,16
211335,17
211335,18
211335,19
211335,2
211335,20
211335,21
211335,22
211335,23
211335,24
211335,25
211335,26
211335,27
211335,28
211335,29
211335,3
211335,30
211335,31
211335,32
211335,33
211335,34
211335,35
211335,36
211335,37
211335,38
211335,39
211335,4
211335,5
211335,6
211335,7
211335,8
211335,9
211338,1
211338,10
211338,11
211338,12
211338,13
211338,14
211338,15
211338,16
211338,2
211338,3
211338,4
211338,5
211338,6
211338,7
211338,8
211338,9
211357,1
211357,10
211357,11
211357,12
211357,13
211357,14
211357,15
211357,16
211357,17
211357,18
211357,19
211357,2
211357,20
211357,21
211357,22
211357,3
211357,4
211357,5
211357,6
211357,7
211357,8
211357,9
211360,1
211360,10
211360,11
211360,12
211360,13
211360,14
211360,15
211360,16
211360,17
211360,18
211360,19
211360,2
211360,20
211360,21
211360,22
211360,23
211360,24
211360,25
211360,26
211360,27
211360,28
211360,29
211360,3
211360,30
211360,31
211360,32
211360,33
211360,34
211360,35
211360,36
211360,37
211360,38
211360,4
211360,5
211360,6
211360,7
211360,8
211360,9
211381,1
211381,10
211381,11
211381,12
211381,13
211381,14
211381,15
211381,16
211381,17
211381,18
211381,19
211381,2
211381,20
211381,21
211381,22
211381,23
211381,24
211381,3
211381,4
211381,5
211381,6
211381,7
211381,8
211381,9
211393,1
211393,10
211393,11
211393,12
211393,13
211393,14
211393,15
211393,16
211393,17
211393,18
211393,19
211393,2
211393,20
211393,21
211393,22
211393,23
211393,24
211393,25
211393,26
211393,27
211393,28
211393,29
211393,3
211393,30
211393,31
211393,32
211393,33
211393,34
211393,35
211393,36
211393,37
211393,38
211393,4
211393,5
211393,6
211393,7
211393,8
211393,9
211399,1
211399,10
211399,11
211399,12
211399,13
211399,14
211399,15
211399,16
211399,17
211399,18
211399,19
211399,2
211399,20
211399,21
211399,22
211399,23
211399,24
211399,3
211399,4
211399,5
211399,6
211399,7
211399,8
211399,9
211402,1
211402,10
211402,11
211402,12
211402,13
211402,14
211402,15
211402,16
211402,17
211402,18
211402,19
211402,2
211402,20
211402,21
211402,22
211402,23
211402,24
211402,25
211402,26
211402,3
211402,4
211402,5
211402,6
211402,7
211402,8
211402,9
211408,1
211408,10
211408,11
211408,12
211408,13
211408,14
211408,15
211408,16
211408,17
211408,18
211408,19
211408,2
211408,20
211408,21
211408,22
211408,23
211408,24
211408,25
211408,26
211408,27
211408,28
211408,29
211408,3
211408,30
211408,31
211408,32
211408,33
211408,34
211408,35
211408,36
211408,37
211408,38
211408,39
211408,4
211408,40
211408,5
211408,6
211408,7
211408,8
211408,9
211411,1
211411,10
211411,11
211411,12
211411,13
211411,14
211411,15
211411,16
211411,17
211411,18
211411,19
211411,2
211411,20
211411,21
211411,22
211411,23
211411,24
211411,3
211411,4
211411,5
211411,6
211411,7
211411,8
211411,9
211417,1
211417,10
211417,11
211417,12
211417,13
211417,14
211417,15
211417,16
211417,17
211417,18
211417,19
211417,2
211417,20
211417,21
211417,22
211417,23
211417,24
211417,25
211417,26
211417,27
211417,28
211417,29
211417,3
211417,30
211417,31
211417,32
211417,33
211417,34
211417,35
211417,4
211417,5
211417,6
211417,7
211417,8
211417,9
211423,1
211423,10
211423,11
211423,12
211423,13
211423,14
211423,15
211423,16
211423,17
211423,18
211423,19
211423,2
211423,20
211423,21
211423,22
211423,23
211423,24
211423,3
211423,4
211423,5
211423,6
211423,7
211423,8
211423,9
211435,1
211435,10
211435,11
211435,12
211435,13
211435,14
211435,15
211435,16
211435,17
211435,18
211435,19
211435,2
211435,20
211435,21
211435,22
211435,23
211435,24
211435,25
211435,26
211435,27
211435,28
211435,29
211435,3
211435,30
211435,31
211435,32
211435,33
211435,34
211435,35
211435,36
211435,37
211435,38
211435,39
211435,4
211435,40
211435,5
211435,6
211435,7
211435,8
211435,9
211441,1
211441,10
211441,11
211441,12
211441,13
211441,14
211441,15
211441,16
211441,17
211441,18
211441,19
211441,2
211441,20
211441,21
211441,22
211441,23
211441,24
211441,3
211441,4
211441,5
211441,6
211441,7
211441,8
211441,9
211444,1
211444,10
211444,11
211444,12
211444,13
211444,14
211444,15
211444,16
211444,17
211444,18
211444,19
211444,2
211444,20
211444,21
211444,22
211444,23
211444,24
211444,25
211444,26
211444,27
211444,28
211444,29
211444,3
211444,30
211444,31
211444,32
211444,4
211444,5
211444,6
211444,7
211444,8
211444,9
211507,1
211507,10
211507,11
211507,12
211507,13
211507,14
211507,15
211507,16
211507,17
211507,18
211507,19
211507,2
211507,20
211507,21
211507,22
211507,23
211507,24
211507,25
211507,26
211507,27
211507,28
211507,29
211507,3
211507,30
211507,31
211507,32
211507,33
211507,34
211507,35
211507,36
211507,37
211507,38
211507,39
211507,4
211507,5
211507,6
211507,7
211507,8
211507,9
211528,1
211528,10
211528,11
211528,12
211528,13
211528,14
211528,15
211528,16
211528,17
211528,18
211528,19
211528,2
211528,20
211528,21
211528,22
211528,3
211528,4
211528,5
211528,6
211528,7
211528,8
211528,9
211543,1
211543,10
211543,11
211543,12
211543,13
211543,14
211543,15
211543,16
211543,17
211543,18
211543,19
211543,2
211543,20
211543,21
211543,22
211543,23
211543,24
211543,25
211543,26
211543,27
211543,28
211543,29
211543,3
211543,30
211543,31
211543,32
211543,33
211543,34
211543,35
211543,36
211543,37
211543,38
211543,39
211543,4
211543,40
211543,5
211543,6
211543,7
211543,8
211543,9
211549,1
211549,10
211549,11
211549,12
211549,13
211549,14
211549,15
211549,16
211549,17
211549,18
211549,19
211549,2
211549,20
211549,21
211549,22
211549,23
211549,24
211549,25
211549,26
211549,27
211549,28
211549,29
211549,3
211549,30
211549,31
211549,32
211549,33
211549,34
211549,35
211549,36
211549,37
211549,38
211549,39
211549,4
211549,40
211549,5
211549,6
211549,7
211549,8
211549,9
211555,1
211555,10
211555,11
211555,12
211555,13
211555,14
211555,15
211555,16
211555,17
211555,18
211555,19
211555,2
211555,20
211555,21
211555,22
211555,23
211555,24
211555,25
211555,26
211555,27
211555,28
211555,29
211555,3
211555,30
211555,31
211555,32
211555,33
211555,34
211555,35
211555,36
211555,37
211555,38
211555,39
211555,4
211555,40
211555,5
211555,6
211555,7
211555,8
211555,9
211564,1
211564,10
211564,11
211564,12
211564,13
211564,14
211564,15
211564,16
211564,17
211564,18
211564,19
211564,2
211564,20
211564,21
211564,22
211564,23
211564,24
211564,25
211564,26
211564,27
211564,28
211564,29
211564,3
211564,30
211564,31
211564,32
211564,33
211564,34
211564,4
211564,5
211564,6
211564,7
211564,8
211564,9
211573,1
211573,10
211573,11
211573,12
211573,13
211573,14
211573,15
211573,16
211573,17
211573,18
211573,19
211573,2
211573,20
211573,21
211573,22
211573,23
211573,24
211573,25
211573,26
211573,27
211573,28
211573,29
211573,3
211573,4
211573,5
211573,6
211573,7
211573,8
211573,9
211576,1
211576,10
211576,11
211576,12
211576,13
211576,14
211576,15
211576,16
211576,17
211576,18
211576,2
211576,3
211576,4
211576,5
211576,6
211576,7
211576,8
211576,9
211588,1
211588,10
211588,11
211588,12
211588,13
211588,14
211588,15
211588,16
211588,17
211588,18
211588,19
211588,2
211588,20
211588,21
211588,22
211588,23
211588,24
211588,25
211588,3
211588,4
211588,5
211588,6
211588,7
211588,8
211588,9
211606,1
211606,10
211606,11
211606,12
211606,13
211606,14
211606,15
211606,16
211606,17
211606,18
211606,19
211606,2
211606,20
211606,21
211606,22
211606,23
211606,24
211606,25
211606,26
211606,27
211606,28
211606,29
211606,3
211606,30
211606,31
211606,32
211606,33
211606,34
211606,35
211606,36
211606,37
211606,38
211606,39
211606,4
211606,40
211606,5
211606,6
211606,7
211606,8
211606,9
211652,1
211652,10
211652,11
211652,12
211652,13
211652,14
211652,15
211652,16
211652,17
211652,18
211652,19
211652,2
211652,20
211652,21
211652,22
211652,23
211652,24
211652,25
211652,26
211652,27
211652,28
211652,29
211652,3
211652,30
211652,31
211652,32
211652,33
211652,34
211652,35
211652,36
211652,37
211652,38
211652,39
211652,4
211652,40
211652,5
211652,6
211652,7
211652,8
211652,9
211670,1
211670,10
211670,11
211670,12
211670,13
211670,14
211670,15
211670,16
211670,17
211670,18
211670,19
211670,2
211670,20
211670,21
211670,22
211670,23
211670,24
211670,25
211670,26
211670,27
211670,28
211670,29
211670,3
211670,30
211670,31
211670,32
211670,33
211670,34
211670,35
211670,36
211670,4
211670,5
211670,6
211670,7
211670,8
211670,9
211706,1
211706,10
211706,11
211706,12
211706,13
211706,14
211706,15
211706,16
211706,17
211706,18
211706,19
211706,2
211706,20
211706,21
211706,22
211706,23
211706,24
211706,25
211706,26
211706,27
211706,28
211706,29
211706,3
211706,30
211706,31
211706,32
211706,33
211706,4
211706,5
211706,6
211706,7
211706,8
211706,9
211721,1
211721,10
211721,11
211721,12
211721,13
211721,14
211721,15
211721,16
211721,2
211721,3
211721,4
211721,5
211721,6
211721,7
211721,8
211721,9
211724,1
211724,10
211724,11
211724,12
211724,13
211724,14
211724,15
211724,16
211724,17
211724,18
211724,19
211724,2
211724,20
211724,21
211724,22
211724,23
211724,24
211724,25
211724,26
211724,27
211724,28
211724,29
211724,3
211724,30
211724,31
211724,4
211724,5
211724,6
211724,7
211724,8
211724,9
211763,1
211763,10
211763,11
211763,12
211763,13
211763,14
211763,15
211763,16
211763,17
211763,18
211763,19
211763,2
211763,20
211763,21
211763,22
211763,23
211763,24
211763,3
211763,4
211763,5
211763,6
211763,7
211763,8
211763,9
211784,1
211784,10
211784,11
211784,12
211784,13
211784,14
211784,15
211784,16
211784,17
211784,18
211784,19
211784,2
211784,20
211784,21
211784,22
211784,23
211784,24
211784,25
211784,26
211784,27
211784,3
211784,4
211784,5
211784,6
211784,7
211784,8
211784,9
211817,1
211817,10
211817,11
211817,12
211817,13
211817,14
211817,15
211817,16
211817,17
211817,18
211817,19
211817,2
211817,20
211817,3
211817,4
211817,5
211817,6
211817,7
211817,8
211817,9
211847,1
211847,10
211847,11
211847,12
211847,13
211847,14
211847,15
211847,16
211847,17
211847,18
211847,19
211847,2
211847,20
211847,21
211847,22
211847,23
211847,24
211847,25
211847,26
211847,27
211847,28
211847,29
211847,3
211847,30
211847,31
211847,32
211847,33
211847,34
211847,35
211847,36
211847,37
211847,38
211847,39
211847,4
211847,40
211847,5
211847,6
211847,7
211847,8
211847,9
211850,1
211850,10
211850,11
211850,12
211850,13
211850,14
211850,15
211850,16
211850,17
211850,18
211850,19
211850,2
211850,20
211850,21
211850,22
211850,23
211850,24
211850,25
211850,26
211850,27
211850,28
211850,29
211850,3
211850,30
211850,31
211850,32
211850,33
211850,34
211850,35
211850,36
211850,37
211850,38
211850,4
211850,5
211850,6
211850,7
211850,8
211850,9
211859,1
211859,10
211859,11
211859,12
211859,13
211859,14
211859,15
211859,16
211859,2
211859,3
211859,4
211859,5
211859,6
211859,7
211859,8
211859,9
211871,1
211871,10
211871,11
211871,12
211871,13
211871,14
211871,15
211871,16
211871,17
211871,18
211871,19
211871,2
211871,20
211871,21
211871,22
211871,23
211871,24
211871,25
211871,26
211871,27
211871,28
211871,29
211871,3
211871,30
211871,31
211871,32
211871,33
211871,34
211871,35
211871,36
211871,37
211871,38
211871,39
211871,4
211871,40
211871,5
211871,6
211871,7
211871,8
211871,9
211880,1
211880,10
211880,11
211880,12
211880,13
211880,14
211880,15
211880,16
211880,17
211880,18
211880,19
211880,2
211880,20
211880,21
211880,22
211880,23
211880,24
211880,25
211880,26
211880,3
211880,4
211880,5
211880,6
211880,7
211880,8
211880,9
211883,1
211883,10
211883,11
211883,12
211883,13
211883,14
211883,15
211883,16
211883,17
211883,18
211883,19
211883,2
211883,20
211883,21
211883,22
211883,23
211883,24
211883,25
211883,26
211883,27
211883,28
211883,29
211883,3
211883,30
211883,31
211883,32
211883,33
211883,34
211883,35
211883,36
211883,37
211883,38
211883,39
211883,4
211883,40
211883,5
211883,6
211883,7
211883,8
211883,9
211898,1
211898,10
211898,11
211898,12
211898,13
211898,14
211898,15
211898,16
211898,17
211898,18
211898,19
211898,2
211898,20
211898,21
211898,22
211898,23
211898,24
211898,25
211898,26
211898,27
211898,28
211898,29
211898,3
211898,30
211898,31
211898,32
211898,33
211898,34
211898,35
211898,36
211898,37
211898,38
211898,4
211898,5
211898,6
211898,7
211898,8
211898,9
211901,1
211901,10
211901,11
211901,12
211901,13
211901,14
211901,15
211901,16
211901,17
211901,18
211901,19
211901,2
211901,20
211901,21
211901,22
211901,23
211901,24
211901,25
211901,26
211901,27
211901,28
211901,29
211901,3
211901,30
211901,31
211901,32
211901,33
211901,34
211901,35
211901,36
211901,37
211901,38
211901,4
211901,5
211901,6
211901,7
211901,8
211901,9
211907,1
211907,10
211907,11
211907,12
211907,13
211907,14
211907,15
211907,16
211907,17
211907,18
211907,19
211907,2
211907,20
211907,21
211907,22
211907,23
211907,24
211907,25
211907,26
211907,27
211907,28
211907,29
211907,3
211907,30
211907,31
211907,32
211907,4
211907,5
211907,6
211907,7
211907,8
211907,9
211916,1
211916,10
211916,11
211916,12
211916,13
211916,14
211916,15
211916,16
211916,17
211916,18
211916,19
211916,2
211916,20
211916,21
211916,22
211916,23
211916,24
211916,25
211916,26
211916,27
211916,28
211916,29
211916,3
211916,30
211916,31
211916,32
211916,33
211916,34
211916,35
211916,36
211916,4
211916,5
211916,6
211916,7
211916,8
211916,9
211928,1
211928,10
211928,11
211928,12
211928,13
211928,14
211928,15
211928,16
211928,17
211928,18
211928,19
211928,2
211928,20
211928,3
211928,4
211928,5
211928,6
211928,7
211928,8
211928,9
211946,1
211946,10
211946,11
211946,12
211946,13
211946,14
211946,15
211946,16
211946,17
211946,18
211946,19
211946,2
211946,20
211946,21
211946,22
211946,23
211946,24
211946,25
211946,26
211946,27
211946,28
211946,29
211946,3
211946,30
211946,31
211946,32
211946,33
211946,34
211946,35
211946,4
211946,5
211946,6
211946,7
211946,8
211946,9
211952,1
211952,10
211952,11
211952,12
211952,13
211952,14
211952,15
211952,16
211952,17
211952,18
211952,19
211952,2
211952,20
211952,21
211952,22
211952,23
211952,24
211952,25
211952,26
211952,27
211952,28
211952,29
211952,3
211952,30
211952,31
211952,32
211952,33
211952,34
211952,4
211952,5
211952,6
211952,7
211952,8
211952,9
211955,1
211955,10
211955,11
211955,12
211955,13
211955,14
211955,15
211955,16
211955,17
211955,18
211955,19
211955,2
211955,20
211955,21
211955,22
211955,23
211955,24
211955,25
211955,26
211955,27
211955,28
211955,29
211955,3
211955,30
211955,31
211955,32
211955,33
211955,4
211955,5
211955,6
211955,7
211955,8
211955,9
211997,1
211997,10
211997,11
211997,12
211997,13
211997,14
211997,15
211997,16
211997,17
211997,18
211997,19
211997,2
211997,20
211997,21
211997,22
211997,23
211997,24
211997,25
211997,26
211997,27
211997,28
211997,29
211997,3
211997,30
211997,31
211997,32
211997,33
211997,34
211997,35
211997,36
211997,37
211997,38
211997,39
211997,4
211997,40
211997,5
211997,6
211997,7
211997,8
211997,9
212003,1
212003,10
212003,11
212003,12
212003,13
212003,14
212003,15
212003,16
212003,17
212003,18
212003,19
212003,2
212003,20
212003,21
212003,22
212003,23
212003,24
212003,25
212003,26
212003,27
212003,28
212003,29
212003,3
212003,30
212003,31
212003,32
212003,33
212003,34
212003,35
212003,36
212003,37
212003,38
212003,39
212003,4
212003,40
212003,5
212003,6
212003,7
212003,8
212003,9
212009,1
212009,10
212009,11
212009,12
212009,13
212009,14
212009,15
212009,16
212009,17
212009,18
212009,19
212009,2
212009,20
212009,21
212009,22
212009,23
212009,24
212009,25
212009,26
212009,27
212009,28
212009,29
212009,3
212009,4
212009,5
212009,6
212009,7
212009,8
212009,9
212012,1
212012,10
212012,11
212012,12
212012,13
212012,14
212012,15
212012,16
212012,17
212012,18
212012,19
212012,2
212012,20
212012,21
212012,22
212012,23
212012,24
212012,25
212012,26
212012,27
212012,28
212012,29
212012,3
212012,30
212012,31
212012,32
212012,33
212012,34
212012,35
212012,36
212012,37
212012,38
212012,39
212012,4
212012,40
212012,5
212012,6
212012,7
212012,8
212012,9
212043,1
212043,10
212043,11
212043,12
212043,13
212043,14
212043,15
212043,16
212043,17
212043,18
212043,19
212043,2
212043,20
212043,21
212043,22
212043,23
212043,24
212043,25
212043,26
212043,27
212043,28
212043,29
212043,3
212043,30
212043,31
212043,32
212043,33
212043,34
212043,35
212043,36
212043,37
212043,38
212043,39
212043,4
212043,40
212043,5
212043,6
212043,7
212043,8
212043,9
212052,1
212052,10
212052,11
212052,12
212052,13
212052,14
212052,15
212052,16
212052,17
212052,18
212052,19
212052,2
212052,20
212052,21
212052,22
212052,23
212052,24
212052,25
212052,26
212052,27
212052,28
212052,29
212052,3
212052,30
212052,4
212052,5
212052,6
212052,7
212052,8
212052,9
212061,1
212061,10
212061,11
212061,12
212061,13
212061,14
212061,15
212061,16
212061,17
212061,18
212061,19
212061,2
212061,20
212061,21
212061,22
212061,23
212061,24
212061,25
212061,26
212061,27
212061,28
212061,29
212061,3
212061,30
212061,31
212061,32
212061,33
212061,34
212061,35
212061,36
212061,37
212061,38
212061,39
212061,4
212061,40
212061,5
212061,6
212061,7
212061,8
212061,9
212079,1
212079,10
212079,11
212079,12
212079,13
212079,14
212079,15
212079,16
212079,17
212079,18
212079,19
212079,2
212079,20
212079,21
212079,22
212079,23
212079,24
212079,3
212079,4
212079,5
212079,6
212079,7
212079,8
212079,9
212091,1
212091,10
212091,11
212091,12
212091,13
212091,14
212091,15
212091,16
212091,17
212091,18
212091,19
212091,2
212091,20
212091,21
212091,22
212091,23
212091,24
212091,3
212091,4
212091,5
212091,6
212091,7
212091,8
212091,9
212103,1
212103,10
212103,11
212103,12
212103,13
212103,14
212103,15
212103,16
212103,17
212103,18
212103,19
212103,2
212103,20
212103,21
212103,22
212103,23
212103,24
212103,25
212103,26
212103,27
212103,28
212103,29
212103,3
212103,30
212103,31
212103,32
212103,33
212103,34
212103,35
212103,36
212103,37
212103,4
212103,5
212103,6
212103,7
212103,8
212103,9
212109,1
212109,10
212109,11
212109,12
212109,13
212109,14
212109,15
212109,16
212109,17
212109,18
212109,19
212109,2
212109,20
212109,21
212109,22
212109,23
212109,24
212109,25
212109,26
212109,27
212109,28
212109,29
212109,3
212109,30
212109,4
212109,5
212109,6
212109,7
212109,8
212109,9
212118,1
212118,10
212118,11
212118,12
212118,13
212118,14
212118,15
212118,16
212118,17
212118,18
212118,19
212118,2
212118,20
212118,21
212118,22
212118,23
212118,24
212118,25
212118,26
212118,27
212118,28
212118,29
212118,3
212118,30
212118,31
212118,32
212118,33
212118,34
212118,35
212118,36
212118,37
212118,4
212118,5
212118,6
212118,7
212118,8
212118,9
212175,1
212175,10
212175,11
212175,12
212175,13
212175,14
212175,15
212175,16
212175,2
212175,3
212175,4
212175,5
212175,6
212175,7
212175,8
212175,9
212184,1
212184,10
212184,11
212184,12
212184,13
212184,14
212184,15
212184,16
212184,17
212184,18
212184,19
212184,2
212184,20
212184,21
212184,22
212184,23
212184,24
212184,25
212184,26
212184,27
212184,28
212184,29
212184,3
212184,30
212184,31
212184,4
212184,5
212184,6
212184,7
212184,8
212184,9
212187,1
212187,10
212187,11
212187,12
212187,13
212187,14
212187,15
212187,16
212187,2
212187,3
212187,4
212187,5
212187,6
212187,7
212187,8
212187,9
212196,1
212196,10
212196,11
212196,12
212196,13
212196,14
212196,15
212196,16
212196,17
212196,18
212196,19
212196,2
212196,20
212196,21
212196,22
212196,23
212196,24
212196,25
212196,26
212196,27
212196,28
212196,29
212196,3
212196,30
212196,31
212196,32
212196,33
212196,34
212196,35
212196,36
212196,37
212196,38
212196,39
212196,4
212196,40
212196,5
212196,6
212196,7
212196,8
212196,9
212226,1
212226,10
212226,11
212226,12
212226,13
212226,14
212226,15
212226,16
212226,17
212226,18
212226,19
212226,2
212226,20
212226,21
212226,22
212226,23
212226,24
212226,25
212226,26
212226,27
212226,28
212226,29
212226,3
212226,30
212226,31
212226,32
212226,33
212226,34
212226,35
212226,36
212226,37
212226,38
212226,39
212226,4
212226,40
212226,5
212226,6
212226,7
212226,8
212226,9
212235,1
212235,10
212235,11
212235,12
212235,13
212235,14
212235,15
212235,16
212235,17
212235,18
212235,19
212235,2
212235,20
212235,21
212235,22
212235,3
212235,4
212235,5
212235,6
212235,7
212235,8
212235,9
212247,1
212247,10
212247,11
212247,12
212247,13
212247,14
212247,15
212247,16
212247,17
212247,18
212247,19
212247,2
212247,20
212247,21
212247,22
212247,23
212247,24
212247,25
212247,26
212247,27
212247,28
212247,29
212247,3
212247,30
212247,31
212247,32
212247,33
212247,34
212247,35
212247,36
212247,37
212247,38
212247,39
212247,4
212247,40
212247,5
212247,6
212247,7
212247,8
212247,9
212265,1
212265,10
212265,11
212265,12
212265,13
212265,14
212265,15
212265,16
212265,17
212265,18
212265,19
212265,2
212265,20
212265,21
212265,22
212265,23
212265,24
212265,25
212265,26
212265,27
212265,28
212265,29
212265,3
212265,30
212265,4
212265,5
212265,6
212265,7
212265,8
212265,9
212274,1
212274,10
212274,11
212274,12
212274,13
212274,14
212274,15
212274,16
212274,17
212274,18
212274,19
212274,2
212274,20
212274,21
212274,22
212274,23
212274,24
212274,25
212274,26
212274,27
212274,28
212274,29
212274,3
212274,30
212274,31
212274,32
212274,33
212274,34
212274,4
212274,5
212274,6
212274,7
212274,8
212274,9
212289,1
212289,10
212289,11
212289,12
212289,13
212289,14
212289,15
212289,16
212289,17
212289,18
212289,19
212289,2
212289,20
212289,21
212289,22
212289,23
212289,24
212289,25
212289,26
212289,27
212289,28
212289,29
212289,3
212289,30
212289,31
212289,32
212289,33
212289,34
212289,35
212289,36
212289,37
212289,38
212289,39
212289,4
212289,40
212289,5
212289,6
212289,7
212289,8
212289,9
212295,1
212295,10
212295,11
212295,12
212295,13
212295,14
212295,15
212295,16
212295,17
212295,18
212295,19
212295,2
212295,20
212295,21
212295,22
212295,23
212295,24
212295,25
212295,26
212295,27
212295,28
212295,29
212295,3
212295,30
212295,31
212295,32
212295,33
212295,34
212295,35
212295,36
212295,37
212295,38
212295,39
212295,4
212295,40
212295,5
212295,6
212295,7
212295,8
212295,9
212298,1
212298,10
212298,11
212298,12
212298,13
212298,14
212298,15
212298,16
212298,17
212298,18
212298,19
212298,2
212298,20
212298,21
212298,22
212298,23
212298,24
212298,25
212298,26
212298,27
212298,28
212298,3
212298,4
212298,5
212298,6
212298,7
212298,8
212298,9
212346,1
212346,10
212346,11
212346,12
212346,13
212346,14
212346,15
212346,16
212346,17
212346,18
212346,19
212346,2
212346,20
212346,21
212346,22
212346,23
212346,24
212346,25
212346,26
212346,3
212346,4
212346,5
212346,6
212346,7
212346,8
212346,9
212355,1
212355,10
212355,11
212355,12
212355,13
212355,14
212355,15
212355,16
212355,17
212355,18
212355,19
212355,2
212355,20
212355,21
212355,22
212355,3
212355,4
212355,5
212355,6
212355,7
212355,8
212355,9
212383,1
212383,10
212383,11
212383,12
212383,13
212383,14
212383,15
212383,16
212383,17
212383,18
212383,19
212383,2
212383,20
212383,21
212383,22
212383,23
212383,24
212383,25
212383,26
212383,27
212383,28
212383,3
212383,4
212383,5
212383,6
212383,7
212383,8
212383,9
212398,1
212398,10
212398,11
212398,12
212398,13
212398,14
212398,15
212398,16
212398,17
212398,18
212398,19
212398,2
212398,20
212398,21
212398,22
212398,23
212398,24
212398,25
212398,26
212398,27
212398,28
212398,29
212398,3
212398,30
212398,31
212398,32
212398,33
212398,34
212398,35
212398,36
212398,37
212398,38
212398,39
212398,4
212398,40
212398,5
212398,6
212398,7
212398,8
212398,9
212413,1
212413,10
212413,11
212413,12
212413,13
212413,14
212413,15
212413,16
212413,17
212413,18
212413,19
212413,2
212413,20
212413,21
212413,22
212413,23
212413,24
212413,25
212413,26
212413,27
212413,28
212413,3
212413,4
212413,5
212413,6
212413,7
212413,8
212413,9
212425,1
212425,10
212425,11
212425,12
212425,13
212425,14
212425,15
212425,16
212425,17
212425,18
212425,19
212425,2
212425,20
212425,21
212425,22
212425,23
212425,24
212425,25
212425,26
212425,27
212425,28
212425,29
212425,3
212425,30
212425,31
212425,32
212425,33
212425,34
212425,35
212425,36
212425,37
212425,38
212425,39
212425,4
212425,40
212425,5
212425,6
212425,7
212425,8
212425,9
212428,1
212428,10
212428,11
212428,12
212428,13
212428,14
212428,15
212428,16
212428,17
212428,18
212428,19
212428,2
212428,20
212428,21
212428,22
212428,3
212428,4
212428,5
212428,6
212428,7
212428,8
212428,9
212455,1
212455,10
212455,11
212455,12
212455,13
212455,14
212455,15
212455,16
212455,17
212455,18
212455,19
212455,2
212455,20
212455,21
212455,22
212455,23
212455,24
212455,25
212455,26
212455,27
212455,28
212455,29
212455,3
212455,30
212455,31
212455,32
212455,4
212455,5
212455,6
212455,7
212455,8
212455,9
212479,1
212479,10
212479,11
212479,12
212479,13
212479,14
212479,15
212479,16
212479,17
212479,18
212479,19
212479,2
212479,20
212479,21
212479,22
212479,23
212479,24
212479,25
212479,26
212479,27
212479,28
212479,29
212479,3
212479,30
212479,31
212479,32
212479,33
212479,34
212479,35
212479,36
212479,4
212479,5
212479,6
212479,7
212479,8
212479,9
212506,1
212506,10
212506,11
212506,12
212506,13
212506,14
212506,15
212506,16
212506,17
212506,18
212506,19
212506,2
212506,20
212506,21
212506,22
212506,23
212506,24
212506,25
212506,26
212506,27
212506,28
212506,29
212506,3
212506,30
212506,31
212506,32
212506,33
212506,34
212506,35
212506,36
212506,37
212506,38
212506,39
212506,4
212506,40
212506,5
212506,6
212506,7
212506,8
212506,9
212512,1
212512,10
212512,11
212512,12
212512,13
212512,14
212512,15
212512,16
212512,17
212512,18
212512,19
212512,2
212512,20
212512,21
212512,22
212512,23
212512,24
212512,25
212512,26
212512,3
212512,4
212512,5
212512,6
212512,7
212512,8
212512,9
212524,1
212524,10
212524,11
212524,12
212524,13
212524,14
212524,15
212524,16
212524,17
212524,18
212524,19
212524,2
212524,20
212524,21
212524,22
212524,23
212524,24
212524,25
212524,26
212524,27
212524,28
212524,29
212524,3
212524,30
212524,31
212524,32
212524,33
212524,34
212524,35
212524,36
212524,37
212524,38
212524,39
212524,4
212524,40
212524,5
212524,6
212524,7
212524,8
212524,9
212554,1
212554,10
212554,11
212554,12
212554,13
212554,14
212554,15
212554,16
212554,2
212554,3
212554,4
212554,5
212554,6
212554,7
212554,8
212554,9
212557,1
212557,10
212557,11
212557,12
212557,13
212557,14
212557,15
212557,16
212557,17
212557,18
212557,19
212557,2
212557,20
212557,21
212557,22
212557,23
212557,24
212557,25
212557,26
212557,27
212557,28
212557,29
212557,3
212557,30
212557,31
212557,32
212557,33
212557,34
212557,35
212557,4
212557,5
212557,6
212557,7
212557,8
212557,9
212560,1
212560,10
212560,11
212560,12
212560,13
212560,14
212560,15
212560,16
212560,17
212560,18
212560,19
212560,2
212560,20
212560,21
212560,22
212560,23
212560,24
212560,25
212560,26
212560,3
212560,4
212560,5
212560,6
212560,7
212560,8
212560,9
212563,1
212563,10
212563,11
212563,12
212563,13
212563,14
212563,15
212563,16
212563,17
212563,18
212563,19
212563,2
212563,20
212563,21
212563,22
212563,23
212563,24
212563,25
212563,26
212563,27
212563,28
212563,29
212563,3
212563,30
212563,31
212563,32
212563,33
212563,34
212563,35
212563,36
212563,37
212563,38
212563,39
212563,4
212563,40
212563,5
212563,6
212563,7
212563,8
212563,9
212578,1
212578,10
212578,11
212578,12
212578,13
212578,14
212578,15
212578,16
212578,17
212578,18
212578,19
212578,2
212578,20
212578,3
212578,4
212578,5
212578,6
212578,7
212578,8
212578,9
212590,1
212590,10
212590,11
212590,12
212590,13
212590,14
212590,15
212590,16
212590,17
212590,18
212590,19
212590,2
212590,20
212590,21
212590,22
212590,23
212590,24
212590,25
212590,26
212590,27
212590,28
212590,29
212590,3
212590,4
212590,5
212590,6
212590,7
212590,8
212590,9
212593,1
212593,10
212593,11
212593,12
212593,13
212593,14
212593,15
212593,16
212593,17
212593,18
212593,19
212593,2
212593,20
212593,21
212593,22
212593,23
212593,24
212593,25
212593,26
212593,27
212593,28
212593,29
212593,3
212593,30
212593,31
212593,32
212593,33
212593,34
212593,35
212593,36
212593,37
212593,38
212593,4
212593,5
212593,6
212593,7
212593,8
212593,9
212602,1
212602,10
212602,11
212602,12
212602,13
212602,14
212602,15
212602,16
212602,17
212602,18
212602,19
212602,2
212602,20
212602,21
212602,22
212602,23
212602,24
212602,25
212602,26
212602,27
212602,28
212602,29
212602,3
212602,30
212602,31
212602,32
212602,33
212602,34
212602,35
212602,4
212602,5
212602,6
212602,7
212602,8
212602,9
212608,1
212608,10
212608,11
212608,12
212608,13
212608,14
212608,15
212608,16
212608,17
212608,18
212608,19
212608,2
212608,20
212608,21
212608,22
212608,3
212608,4
212608,5
212608,6
212608,7
212608,8
212608,9
212626,1
212626,10
212626,11
212626,12
212626,13
212626,14
212626,15
212626,16
212626,17
212626,18
212626,19
212626,2
212626,20
212626,21
212626,22
212626,23
212626,24
212626,25
212626,26
212626,27
212626,28
212626,29
212626,3
212626,30
212626,31
212626,4
212626,5
212626,6
212626,7
212626,8
212626,9
212632,1
212632,10
212632,11
212632,12
212632,13
212632,14
212632,15
212632,16
212632,17
212632,18
212632,19
212632,2
212632,20
212632,21
212632,22
212632,23
212632,24
212632,25
212632,26
212632,27
212632,28
212632,29
212632,3
212632,30
212632,4
212632,5
212632,6
212632,7
212632,8
212632,9
212644,1
212644,10
212644,11
212644,12
212644,13
212644,14
212644,15
212644,16
212644,17
212644,18
212644,19
212644,2
212644,20
212644,21
212644,22
212644,23
212644,24
212644,25
212644,26
212644,27
212644,28
212644,29
212644,3
212644,30
212644,31
212644,32
212644,33
212644,34
212644,35
212644,36
212644,37
212644,38
212644,39
212644,4
212644,40
212644,5
212644,6
212644,7
212644,8
212644,9
212671,1
212671,10
212671,11
212671,12
212671,13
212671,14
212671,15
212671,16
212671,17
212671,18
212671,19
212671,2
212671,20
212671,21
212671,22
212671,23
212671,24
212671,25
212671,26
212671,27
212671,28
212671,29
212671,3
212671,30
212671,31
212671,32
212671,33
212671,34
212671,35
212671,36
212671,37
212671,38
212671,4
212671,5
212671,6
212671,7
212671,8
212671,9
212674,1
212674,10
212674,11
212674,12
212674,13
212674,14
212674,15
212674,16
212674,17
212674,18
212674,19
212674,2
212674,20
212674,21
212674,22
212674,23
212674,24
212674,25
212674,26
212674,27
212674,28
212674,29
212674,3
212674,30
212674,31
212674,4
212674,5
212674,6
212674,7
212674,8
212674,9
212692,1
212692,10
212692,11
212692,12
212692,13
212692,14
212692,15
212692,16
212692,17
212692,18
212692,19
212692,2
212692,20
212692,21
212692,22
212692,23
212692,24
212692,25
212692,26
212692,27
212692,28
212692,3
212692,4
212692,5
212692,6
212692,7
212692,8
212692,9
212698,1
212698,10
212698,11
212698,12
212698,13
212698,14
212698,15
212698,16
212698,17
212698,18
212698,19
212698,2
212698,20
212698,21
212698,22
212698,23
212698,24
212698,3
212698,4
212698,5
212698,6
212698,7
212698,8
212698,9
212704,1
212704,10
212704,11
212704,12
212704,13
212704,14
212704,15
212704,16
212704,17
212704,18
212704,19
212704,2
212704,20
212704,21
212704,22
212704,23
212704,24
212704,25
212704,26
212704,27
212704,28
212704,29
212704,3
212704,30
212704,31
212704,32
212704,33
212704,34
212704,35
212704,36
212704,37
212704,38
212704,4
212704,5
212704,6
212704,7
212704,8
212704,9
212725,1
212725,10
212725,11
212725,12
212725,13
212725,14
212725,15
212725,16
212725,17
212725,18
212725,19
212725,2
212725,20
212725,21
212725,22
212725,23
212725,24
212725,25
212725,26
212725,27
212725,28
212725,29
212725,3
212725,30
212725,31
212725,32
212725,33
212725,34
212725,35
212725,36
212725,37
212725,38
212725,39
212725,4
212725,40
212725,5
212725,6
212725,7
212725,8
212725,9
212737,1
212737,10
212737,11
212737,12
212737,13
212737,14
212737,15
212737,16
212737,17
212737,18
212737,19
212737,2
212737,20
212737,21
212737,22
212737,3
212737,4
212737,5
212737,6
212737,7
212737,8
212737,9
212761,1
212761,10
212761,11
212761,12
212761,13
212761,14
212761,15
212761,16
212761,17
212761,18
212761,19
212761,2
212761,20
212761,21
212761,22
212761,23
212761,24
212761,25
212761,26
212761,27
212761,28
212761,29
212761,3
212761,30
212761,4
212761,5
212761,6
212761,7
212761,8
212761,9
212764,1
212764,10
212764,11
212764,12
212764,13
212764,14
212764,15
212764,16
212764,17
212764,18
212764,19
212764,2
212764,20
212764,21
212764,22
212764,23
212764,24
212764,3
212764,4
212764,5
212764,6
212764,7
212764,8
212764,9
212773,1
212773,10
212773,11
212773,12
212773,13
212773,14
212773,15
212773,16
212773,17
212773,18
212773,19
212773,2
212773,20
212773,21
212773,22
212773,23
212773,24
212773,25
212773,26
212773,27
212773,28
212773,29
212773,3
212773,30
212773,31
212773,32
212773,33
212773,34
212773,4
212773,5
212773,6
212773,7
212773,8
212773,9
212776,1
212776,10
212776,11
212776,12
212776,13
212776,14
212776,15
212776,16
212776,17
212776,18
212776,2
212776,3
212776,4
212776,5
212776,6
212776,7
212776,8
212776,9
212785,1
212785,10
212785,11
212785,12
212785,13
212785,14
212785,15
212785,16
212785,17
212785,18
212785,19
212785,2
212785,20
212785,21
212785,22
212785,23
212785,24
212785,25
212785,26
212785,27
212785,28
212785,29
212785,3
212785,30
212785,31
212785,32
212785,4
212785,5
212785,6
212785,7
212785,8
212785,9
212803,1
212803,10
212803,11
212803,12
212803,13
212803,14
212803,15
212803,16
212803,17
212803,18
212803,19
212803,2
212803,20
212803,21
212803,22
212803,23
212803,24
212803,25
212803,26
212803,27
212803,28
212803,29
212803,3
212803,30
212803,31
212803,32
212803,4
212803,5
212803,6
212803,7
212803,8
212803,9
212815,1
212815,10
212815,11
212815,12
212815,13
212815,14
212815,15
212815,16
212815,17
212815,18
212815,19
212815,2
212815,20
212815,21
212815,22
212815,23
212815,24
212815,25
212815,26
212815,27
212815,28
212815,29
212815,3
212815,30
212815,31
212815,4
212815,5
212815,6
212815,7
212815,8
212815,9
212845,1
212845,10
212845,11
212845,12
212845,13
212845,14
212845,15
212845,16
212845,17
212845,18
212845,19
212845,2
212845,20
212845,21
212845,22
212845,23
212845,24
212845,25
212845,26
212845,27
212845,28
212845,29
212845,3
212845,30
212845,4
212845,5
212845,6
212845,7
212845,8
212845,9
212851,1
212851,10
212851,11
212851,12
212851,13
212851,14
212851,15
212851,16
212851,17
212851,18
212851,19
212851,2
212851,20
212851,21
212851,22
212851,23
212851,24
212851,25
212851,26
212851,27
212851,28
212851,29
212851,3
212851,30
212851,31
212851,32
212851,33
212851,34
212851,35
212851,36
212851,37
212851,38
212851,39
212851,4
212851,40
212851,5
212851,6
212851,7
212851,8
212851,9
212857,1
212857,10
212857,11
212857,12
212857,13
212857,14
212857,15
212857,16
212857,17
212857,18
212857,19
212857,2
212857,20
212857,21
212857,22
212857,23
212857,24
212857,25
212857,26
212857,27
212857,3
212857,4
212857,5
212857,6
212857,7
212857,8
212857,9
212875,1
212875,10
212875,11
212875,12
212875,13
212875,14
212875,15
212875,16
212875,17
212875,18
212875,19
212875,2
212875,20
212875,21
212875,22
212875,23
212875,24
212875,25
212875,26
212875,27
212875,28
212875,29
212875,3
212875,30
212875,31
212875,32
212875,33
212875,34
212875,35
212875,36
212875,37
212875,4
212875,5
212875,6
212875,7
212875,8
212875,9
212917,1
212917,10
212917,11
212917,12
212917,13
212917,14
212917,15
212917,16
212917,17
212917,18
212917,19
212917,2
212917,20
212917,21
212917,22
212917,23
212917,24
212917,25
212917,26
212917,3
212917,4
212917,5
212917,6
212917,7
212917,8
212917,9
212929,1
212929,10
212929,11
212929,12
212929,13
212929,14
212929,15
212929,16
212929,17
212929,18
212929,19
212929,2
212929,20
212929,21
212929,22
212929,23
212929,24
212929,25
212929,26
212929,27
212929,28
212929,29
212929,3
212929,30
212929,31
212929,32
212929,33
212929,34
212929,35
212929,36
212929,37
212929,38
212929,39
212929,4
212929,40
212929,5
212929,6
212929,7
212929,8
212929,9
212944,1
212944,10
212944,11
212944,12
212944,13
212944,14
212944,15
212944,16
212944,17
212944,18
212944,19
212944,2
212944,20
212944,21
212944,22
212944,23
212944,24
212944,25
212944,26
212944,27
212944,28
212944,29
212944,3
212944,30
212944,31
212944,32
212944,33
212944,34
212944,35
212944,36
212944,37
212944,38
212944,39
212944,4
212944,40
212944,5
212944,6
212944,7
212944,8
212944,9
212947,1
212947,10
212947,11
212947,12
212947,13
212947,14
212947,15
212947,16
212947,17
212947,18
212947,19
212947,2
212947,20
212947,21
212947,22
212947,23
212947,24
212947,25
212947,26
212947,27
212947,28
212947,29
212947,3
212947,30
212947,31
212947,32
212947,33
212947,4
212947,5
212947,6
212947,7
212947,8
212947,9
212950,1
212950,10
212950,11
212950,12
212950,13
212950,14
212950,15
212950,16
212950,17
212950,18
212950,19
212950,2
212950,20
212950,21
212950,22
212950,23
212950,24
212950,25
212950,26
212950,27
212950,28
212950,29
212950,3
212950,30
212950,31
212950,32
212950,4
212950,5
212950,6
212950,7
212950,8
212950,9
212983,1
212983,10
212983,11
212983,12
212983,13
212983,14
212983,15
212983,16
212983,17
212983,18
212983,19
212983,2
212983,20
212983,3
212983,4
212983,5
212983,6
212983,7
212983,8
212983,9
213001,1
213001,10
213001,11
213001,12
213001,13
213001,14
213001,15
213001,16
213001,17
213001,18
213001,19
213001,2
213001,20
213001,21
213001,22
213001,23
213001,24
213001,25
213001,26
213001,27
213001,28
213001,29
213001,3
213001,30
213001,31
213001,32
213001,4
213001,5
213001,6
213001,7
213001,8
213001,9
213010,1
213010,10
213010,11
213010,12
213010,13
213010,14
213010,15
213010,16
213010,17
213010,18
213010,19
213010,2
213010,20
213010,21
213010,22
213010,23
213010,24
213010,25
213010,26
213010,27
213010,28
213010,29
213010,3
213010,30
213010,31
213010,32
213010,33
213010,34
213010,35
213010,36
213010,37
213010,38
213010,39
213010,4
213010,40
213010,5
213010,6
213010,7
213010,8
213010,9
213019,1
213019,10
213019,11
213019,12
213019,13
213019,14
213019,15
213019,16
213019,17
213019,18
213019,19
213019,2
213019,20
213019,21
213019,22
213019,23
213019,24
213019,25
213019,26
213019,27
213019,28
213019,29
213019,3
213019,30
213019,31
213019,32
213019,33
213019,4
213019,5
213019,6
213019,7
213019,8
213019,9
213052,1
213052,10
213052,11
213052,12
213052,13
213052,14
213052,15
213052,16
213052,17
213052,18
213052,19
213052,2
213052,20
213052,21
213052,22
213052,23
213052,24
213052,25
213052,26
213052,27
213052,28
213052,29
213052,3
213052,30
213052,31
213052,32
213052,33
213052,34
213052,4
213052,5
213052,6
213052,7
213052,8
213052,9
213076,1
213076,10
213076,11
213076,12
213076,13
213076,14
213076,15
213076,16
213076,17
213076,18
213076,19
213076,2
213076,20
213076,21
213076,22
213076,23
213076,24
213076,25
213076,26
213076,27
213076,28
213076,29
213076,3
213076,4
213076,5
213076,6
213076,7
213076,8
213076,9
213085,1
213085,10
213085,11
213085,12
213085,13
213085,14
213085,15
213085,16
213085,17
213085,18
213085,19
213085,2
213085,20
213085,21
213085,22
213085,23
213085,24
213085,25
213085,26
213085,27
213085,3
213085,4
213085,5
213085,6
213085,7
213085,8
213085,9
213088,1
213088,10
213088,11
213088,12
213088,13
213088,14
213088,15
213088,16
213088,17
213088,18
213088,19
213088,2
213088,20
213088,21
213088,22
213088,23
213088,24
213088,25
213088,26
213088,27
213088,28
213088,29
213088,3
213088,30
213088,31
213088,32
213088,33
213088,34
213088,35
213088,36
213088,37
213088,38
213088,39
213088,4
213088,40
213088,5
213088,6
213088,7
213088,8
213088,9
213091,1
213091,10
213091,11
213091,12
213091,13
213091,14
213091,15
213091,16
213091,17
213091,18
213091,19
213091,2
213091,20
213091,21
213091,22
213091,23
213091,24
213091,25
213091,26
213091,27
213091,28
213091,29
213091,3
213091,30
213091,31
213091,32
213091,33
213091,34
213091,35
213091,36
213091,37
213091,38
213091,39
213091,4
213091,40
213091,5
213091,6
213091,7
213091,8
213091,9
213126,1
213126,10
213126,11
213126,12
213126,13
213126,14
213126,15
213126,16
213126,17
213126,18
213126,19
213126,2
213126,20
213126,21
213126,22
213126,23
213126,24
213126,25
213126,26
213126,27
213126,28
213126,29
213126,3
213126,30
213126,31
213126,32
213126,33
213126,34
213126,4
213126,5
213126,6
213126,7
213126,8
213126,9
213132,1
213132,10
213132,11
213132,12
213132,13
213132,14
213132,15
213132,16
213132,17
213132,18
213132,19
213132,2
213132,20
213132,21
213132,22
213132,23
213132,24
213132,25
213132,26
213132,27
213132,28
213132,29
213132,3
213132,30
213132,31
213132,32
213132,4
213132,5
213132,6
213132,7
213132,8
213132,9
213144,1
213144,10
213144,11
213144,12
213144,13
213144,14
213144,15
213144,16
213144,17
213144,18
213144,19
213144,2
213144,20
213144,21
213144,22
213144,23
213144,24
213144,25
213144,26
213144,27
213144,28
213144,29
213144,3
213144,4
213144,5
213144,6
213144,7
213144,8
213144,9
213159,1
213159,10
213159,11
213159,12
213159,13
213159,14
213159,15
213159,16
213159,17
213159,18
213159,19
213159,2
213159,20
213159,21
213159,22
213159,23
213159,3
213159,4
213159,5
213159,6
213159,7
213159,8
213159,9
213192,1
213192,10
213192,11
213192,12
213192,13
213192,14
213192,15
213192,16
213192,17
213192,18
213192,19
213192,2
213192,20
213192,21
213192,22
213192,23
213192,24
213192,3
213192,4
213192,5
213192,6
213192,7
213192,8
213192,9
213195,1
213195,10
213195,11
213195,12
213195,13
213195,14
213195,15
213195,16
213195,17
213195,18
213195,19
213195,2
213195,20
213195,21
213195,22
213195,23
213195,24
213195,25
213195,26
213195,3
213195,4
213195,5
213195,6
213195,7
213195,8
213195,9
213201,1
213201,10
213201,11
213201,12
213201,13
213201,14
213201,15
213201,16
213201,17
213201,18
213201,19
213201,2
213201,20
213201,21
213201,22
213201,23
213201,24
213201,25
213201,26
213201,3
213201,4
213201,5
213201,6
213201,7
213201,8
213201,9
213213,1
213213,10
213213,11
213213,12
213213,13
213213,14
213213,15
213213,16
213213,17
213213,18
213213,19
213213,2
213213,20
213213,21
213213,22
213213,3
213213,4
213213,5
213213,6
213213,7
213213,8
213213,9
213234,1
213234,10
213234,11
213234,12
213234,13
213234,14
213234,15
213234,16
213234,17
213234,18
213234,19
213234,2
213234,20
213234,21
213234,22
213234,23
213234,24
213234,25
213234,26
213234,27
213234,28
213234,29
213234,3
213234,30
213234,31
213234,32
213234,33
213234,34
213234,35
213234,36
213234,37
213234,38
213234,39
213234,4
213234,40
213234,5
213234,6
213234,7
213234,8
213234,9
213258,1
213258,10
213258,11
213258,12
213258,13
213258,14
213258,15
213258,16
213258,17
213258,18
213258,19
213258,2
213258,20
213258,21
213258,22
213258,23
213258,24
213258,25
213258,26
213258,27
213258,28
213258,29
213258,3
213258,30
213258,31
213258,32
213258,33
213258,34
213258,35
213258,36
213258,37
213258,38
213258,39
213258,4
213258,40
213258,5
213258,6
213258,7
213258,8
213258,9
213261,1
213261,10
213261,11
213261,12
213261,13
213261,14
213261,15
213261,16
213261,17
213261,18
213261,19
213261,2
213261,20
213261,21
213261,22
213261,23
213261,24
213261,3
213261,4
213261,5
213261,6
213261,7
213261,8
213261,9
213273,1
213273,10
213273,11
213273,12
213273,13
213273,14
213273,15
213273,16
213273,17
213273,18
213273,19
213273,2
213273,20
213273,21
213273,22
213273,23
213273,24
213273,25
213273,26
213273,27
213273,28
213273,29
213273,3
213273,30
213273,31
213273,4
213273,5
213273,6
213273,7
213273,8
213273,9
213300,1
213300,10
213300,11
213300,12
213300,13
213300,14
213300,15
213300,16
213300,17
213300,18
213300,19
213300,2
213300,20
213300,21
213300,22
213300,23
213300,24
213300,25
213300,26
213300,27
213300,28
213300,29
213300,3
213300,30
213300,31
213300,32
213300,33
213300,34
213300,35
213300,36
213300,37
213300,38
213300,39
213300,4
213300,40
213300,5
213300,6
213300,7
213300,8
213300,9
213342,1
213342,10
213342,11
213342,12
213342,13
213342,14
213342,15
213342,16
213342,17
213342,18
213342,19
213342,2
213342,20
213342,21
213342,22
213342,23
213342,24
213342,25
213342,26
213342,27
213342,28
213342,29
213342,3
213342,30
213342,31
213342,32
213342,33
213342,34
213342,35
213342,36
213342,4
213342,5
213342,6
213342,7
213342,8
213342,9
213354,1
213354,10
213354,11
213354,12
213354,13
213354,14
213354,15
213354,16
213354,17
213354,18
213354,19
213354,2
213354,20
213354,21
213354,22
213354,23
213354,24
213354,25
213354,26
213354,27
213354,28
213354,29
213354,3
213354,30
213354,31
213354,32
213354,33
213354,34
213354,35
213354,36
213354,37
213354,38
213354,39
213354,4
213354,40
213354,5
213354,6
213354,7
213354,8
213354,9
213384,1
213384,10
213384,11
213384,12
213384,13
213384,14
213384,15
213384,16
213384,17
213384,18
213384,19
213384,2
213384,20
213384,21
213384,22
213384,23
213384,24
213384,25
213384,26
213384,27
213384,28
213384,29
213384,3
213384,30
213384,31
213384,32
213384,33
213384,34
213384,35
213384,36
213384,37
213384,38
213384,39
213384,4
213384,40
213384,5
213384,6
213384,7
213384,8
213384,9
213411,1
213411,10
213411,11
213411,12
213411,13
213411,14
213411,15
213411,16
213411,17
213411,18
213411,19
213411,2
213411,20
213411,21
213411,22
213411,23
213411,24
213411,25
213411,26
213411,27
213411,28
213411,29
213411,3
213411,30
213411,31
213411,4
213411,5
213411,6
213411,7
213411,8
213411,9
213417,1
213417,10
213417,11
213417,12
213417,13
213417,14
213417,15
213417,16
213417,17
213417,18
213417,19
213417,2
213417,20
213417,21
213417,22
213417,23
213417,24
213417,25
213417,26
213417,27
213417,28
213417,29
213417,3
213417,30
213417,31
213417,32
213417,33
213417,34
213417,35
213417,36
213417,37
213417,38
213417,39
213417,4
213417,40
213417,5
213417,6
213417,7
213417,8
213417,9
213423,1
213423,10
213423,11
213423,12
213423,13
213423,14
213423,15
213423,16
213423,17
213423,18
213423,19
213423,2
213423,20
213423,21
213423,22
213423,23
213423,24
213423,3
213423,4
213423,5
213423,6
213423,7
213423,8
213423,9
213432,1
213432,10
213432,11
213432,12
213432,13
213432,14
213432,15
213432,16
213432,17
213432,18
213432,19
213432,2
213432,20
213432,21
213432,22
213432,23
213432,24
213432,25
213432,26
213432,27
213432,28
213432,29
213432,3
213432,30
213432,31
213432,32
213432,33
213432,34
213432,35
213432,36
213432,37
213432,38
213432,39
213432,4
213432,40
213432,5
213432,6
213432,7
213432,8
213432,9
213450,1
213450,10
213450,11
213450,12
213450,13
213450,14
213450,15
213450,16
213450,17
213450,18
213450,19
213450,2
213450,20
213450,21
213450,22
213450,23
213450,24
213450,3
213450,4
213450,5
213450,6
213450,7
213450,8
213450,9
213459,1
213459,10
213459,11
213459,12
213459,13
213459,14
213459,15
213459,16
213459,17
213459,18
213459,19
213459,2
213459,20
213459,21
213459,22
213459,23
213459,24
213459,3
213459,4
213459,5
213459,6
213459,7
213459,8
213459,9
213465,1
213465,10
213465,11
213465,12
213465,13
213465,14
213465,15
213465,16
213465,17
213465,18
213465,19
213465,2
213465,20
213465,21
213465,22
213465,23
213465,24
213465,25
213465,26
213465,27
213465,28
213465,3
213465,4
213465,5
213465,6
213465,7
213465,8
213465,9
213468,1
213468,10
213468,11
213468,12
213468,13
213468,14
213468,15
213468,16
213468,17
213468,18
213468,19
213468,2
213468,20
213468,21
213468,22
213468,23
213468,24
213468,3
213468,4
213468,5
213468,6
213468,7
213468,8
213468,9
213495,1
213495,10
213495,11
213495,12
213495,13
213495,14
213495,15
213495,16
213495,17
213495,18
213495,19
213495,2
213495,20
213495,21
213495,22
213495,3
213495,4
213495,5
213495,6
213495,7
213495,8
213495,9
213501,1
213501,10
213501,11
213501,12
213501,13
213501,14
213501,15
213501,16
213501,17
213501,18
213501,19
213501,2
213501,20
213501,21
213501,22
213501,23
213501,24
213501,25
213501,26
213501,27
213501,28
213501,29
213501,3
213501,30
213501,31
213501,32
213501,33
213501,34
213501,35
213501,36
213501,37
213501,38
213501,39
213501,4
213501,40
213501,5
213501,6
213501,7
213501,8
213501,9
213513,1
213513,10
213513,11
213513,12
213513,13
213513,14
213513,15
213513,16
213513,17
213513,18
213513,19
213513,2
213513,20
213513,21
213513,22
213513,23
213513,24
213513,25
213513,26
213513,3
213513,4
213513,5
213513,6
213513,7
213513,8
213513,9
213597,1
213597,10
213597,11
213597,12
213597,13
213597,14
213597,15
213597,16
213597,17
213597,18
213597,19
213597,2
213597,20
213597,21
213597,22
213597,23
213597,24
213597,25
213597,26
213597,27
213597,3
213597,4
213597,5
213597,6
213597,7
213597,8
213597,9
213600,1
213600,10
213600,11
213600,12
213600,13
213600,14
213600,15
213600,16
213600,17
213600,18
213600,19
213600,2
213600,20
213600,21
213600,22
213600,23
213600,24
213600,3
213600,4
213600,5
213600,6
213600,7
213600,8
213600,9
213609,1
213609,10
213609,11
213609,12
213609,13
213609,14
213609,15
213609,16
213609,17
213609,18
213609,19
213609,2
213609,20
213609,21
213609,22
213609,23
213609,24
213609,25
213609,26
213609,27
213609,28
213609,29
213609,3
213609,30
213609,31
213609,32
213609,33
213609,34
213609,35
213609,36
213609,37
213609,38
213609,39
213609,4
213609,40
213609,5
213609,6
213609,7
213609,8
213609,9
213624,1
213624,10
213624,11
213624,12
213624,13
213624,14
213624,15
213624,16
213624,17
213624,18
213624,19
213624,2
213624,20
213624,21
213624,22
213624,23
213624,24
213624,25
213624,26
213624,27
213624,28
213624,29
213624,3
213624,30
213624,31
213624,32
213624,33
213624,34
213624,35
213624,36
213624,37
213624,38
213624,39
213624,4
213624,40
213624,5
213624,6
213624,7
213624,8
213624,9
213672,1
213672,10
213672,11
213672,12
213672,13
213672,14
213672,15
213672,16
213672,17
213672,18
213672,19
213672,2
213672,20
213672,21
213672,22
213672,23
213672,24
213672,25
213672,26
213672,27
213672,28
213672,29
213672,3
213672,30
213672,31
213672,32
213672,33
213672,34
213672,35
213672,4
213672,5
213672,6
213672,7
213672,8
213672,9
213675,1
213675,10
213675,11
213675,12
213675,13
213675,14
213675,15
213675,16
213675,17
213675,18
213675,19
213675,2
213675,20
213675,21
213675,22
213675,23
213675,24
213675,25
213675,26
213675,27
213675,28
213675,29
213675,3
213675,30
213675,31
213675,32
213675,4
213675,5
213675,6
213675,7
213675,8
213675,9
213693,1
213693,10
213693,11
213693,12
213693,13
213693,14
213693,15
213693,16
213693,17
213693,18
213693,19
213693,2
213693,20
213693,21
213693,22
213693,23
213693,24
213693,25
213693,26
213693,27
213693,28
213693,29
213693,3
213693,30
213693,4
213693,5
213693,6
213693,7
213693,8
213693,9
213705,1
213705,10
213705,11
213705,12
213705,13
213705,14
213705,15
213705,16
213705,17
213705,18
213705,19
213705,2
213705,20
213705,3
213705,4
213705,5
213705,6
213705,7
213705,8
213705,9
213711,1
213711,10
213711,11
213711,12
213711,13
213711,14
213711,15
213711,16
213711,17
213711,18
213711,19
213711,2
213711,20
213711,21
213711,22
213711,23
213711,24
213711,25
213711,26
213711,27
213711,28
213711,29
213711,3
213711,30
213711,31
213711,32
213711,33
213711,34
213711,35
213711,36
213711,37
213711,38
213711,39
213711,4
213711,40
213711,5
213711,6
213711,7
213711,8
213711,9
213720,1
213720,10
213720,11
213720,12
213720,13
213720,14
213720,15
213720,16
213720,17
213720,18
213720,19
213720,2
213720,20
213720,21
213720,22
213720,23
213720,24
213720,25
213720,26
213720,27
213720,28
213720,29
213720,3
213720,30
213720,31
213720,32
213720,33
213720,34
213720,35
213720,36
213720,37
213720,4
213720,5
213720,6
213720,7
213720,8
213720,9
213726,1
213726,10
213726,11
213726,12
213726,13
213726,14
213726,15
213726,16
213726,17
213726,18
213726,2
213726,3
213726,4
213726,5
213726,6
213726,7
213726,8
213726,9
213765,1
213765,10
213765,11
213765,12
213765,13
213765,14
213765,15
213765,16
213765,17
213765,18
213765,19
213765,2
213765,20
213765,21
213765,22
213765,23
213765,24
213765,3
213765,4
213765,5
213765,6
213765,7
213765,8
213765,9
213789,1
213789,10
213789,11
213789,12
213789,13
213789,14
213789,15
213789,16
213789,17
213789,18
213789,19
213789,2
213789,20
213789,21
213789,22
213789,23
213789,24
213789,25
213789,26
213789,27
213789,28
213789,29
213789,3
213789,30
213789,31
213789,4
213789,5
213789,6
213789,7
213789,8
213789,9
213792,1
213792,10
213792,11
213792,12
213792,13
213792,14
213792,15
213792,16
213792,17
213792,18
213792,19
213792,2
213792,20
213792,21
213792,22
213792,23
213792,24
213792,25
213792,26
213792,3
213792,4
213792,5
213792,6
213792,7
213792,8
213792,9
213804,1
213804,10
213804,11
213804,12
213804,13
213804,14
213804,15
213804,16
213804,17
213804,18
213804,19
213804,2
213804,20
213804,21
213804,22
213804,23
213804,24
213804,25
213804,26
213804,27
213804,28
213804,29
213804,3
213804,30
213804,31
213804,32
213804,33
213804,4
213804,5
213804,6
213804,7
213804,8
213804,9
213822,1
213822,10
213822,11
213822,12
213822,13
213822,14
213822,15
213822,16
213822,17
213822,18
213822,19
213822,2
213822,20
213822,21
213822,22
213822,23
213822,24
213822,25
213822,26
213822,27
213822,28
213822,29
213822,3
213822,30
213822,31
213822,32
213822,33
213822,34
213822,35
213822,36
213822,37
213822,38
213822,39
213822,4
213822,40
213822,5
213822,6
213822,7
213822,8
213822,9
213825,1
213825,10
213825,11
213825,12
213825,13
213825,14
213825,15
213825,16
213825,17
213825,18
213825,19
213825,2
213825,20
213825,21
213825,22
213825,23
213825,24
213825,25
213825,26
213825,27
213825,28
213825,29
213825,3
213825,30
213825,31
213825,32
213825,33
213825,34
213825,35
213825,36
213825,37
213825,38
213825,4
213825,5
213825,6
213825,7
213825,8
213825,9
213873,1
213873,10
213873,11
213873,12
213873,13
213873,14
213873,15
213873,16
213873,17
213873,18
213873,19
213873,2
213873,20
213873,21
213873,22
213873,23
213873,24
213873,25
213873,26
213873,3
213873,4
213873,5
213873,6
213873,7
213873,8
213873,9
213900,1
213900,10
213900,11
213900,12
213900,13
213900,14
213900,15
213900,16
213900,17
213900,18
213900,19
213900,2
213900,20
213900,21
213900,22
213900,23
213900,24
213900,25
213900,26
213900,27
213900,28
213900,29
213900,3
213900,30
213900,31
213900,4
213900,5
213900,6
213900,7
213900,8
213900,9
213906,1
213906,10
213906,11
213906,12
213906,13
213906,14
213906,15
213906,16
213906,17
213906,18
213906,19
213906,2
213906,20
213906,21
213906,22
213906,23
213906,24
213906,25
213906,26
213906,27
213906,28
213906,29
213906,3
213906,4
213906,5
213906,6
213906,7
213906,8
213906,9
213930,1
213930,10
213930,11
213930,12
213930,13
213930,14
213930,15
213930,16
213930,17
213930,18
213930,19
213930,2
213930,20
213930,21
213930,22
213930,23
213930,24
213930,25
213930,26
213930,27
213930,28
213930,29
213930,3
213930,30
213930,31
213930,32
213930,4
213930,5
213930,6
213930,7
213930,8
213930,9
213954,1
213954,10
213954,11
213954,12
213954,13
213954,14
213954,15
213954,16
213954,17
213954,18
213954,19
213954,2
213954,20
213954,21
213954,22
213954,23
213954,3
213954,4
213954,5
213954,6
213954,7
213954,8
213954,9
213995,1
213995,10
213995,11
213995,12
213995,13
213995,14
213995,15
213995,16
213995,17
213995,18
213995,19
213995,2
213995,20
213995,21
213995,22
213995,23
213995,24
213995,25
213995,26
213995,27
213995,28
213995,29
213995,3
213995,30
213995,31
213995,32
213995,33
213995,34
213995,35
213995,36
213995,37
213995,4
213995,5
213995,6
213995,7
213995,8
213995,9
214010,1
214010,10
214010,11
214010,12
214010,13
214010,14
214010,15
214010,16
214010,17
214010,18
214010,19
214010,2
214010,20
214010,21
214010,22
214010,23
214010,24
214010,25
214010,26
214010,27
214010,28
214010,3
214010,4
214010,5
214010,6
214010,7
214010,8
214010,9
214019,1
214019,10
214019,11
214019,12
214019,13
214019,14
214019,15
214019,16
214019,17
214019,18
214019,19
214019,2
214019,20
214019,21
214019,22
214019,23
214019,24
214019,25
214019,26
214019,27
214019,28
214019,29
214019,3
214019,30
214019,31
214019,32
214019,33
214019,4
214019,5
214019,6
214019,7
214019,8
214019,9
214025,1
214025,10
214025,11
214025,12
214025,13
214025,14
214025,15
214025,16
214025,17
214025,18
214025,19
214025,2
214025,20
214025,21
214025,22
214025,23
214025,24
214025,25
214025,26
214025,27
214025,28
214025,29
214025,3
214025,30
214025,31
214025,32
214025,33
214025,34
214025,35
214025,36
214025,37
214025,38
214025,39
214025,4
214025,40
214025,5
214025,6
214025,7
214025,8
214025,9
214034,1
214034,10
214034,11
214034,12
214034,13
214034,14
214034,15
214034,16
214034,17
214034,18
214034,2
214034,3
214034,4
214034,5
214034,6
214034,7
214034,8
214034,9
214037,1
214037,10
214037,11
214037,12
214037,13
214037,14
214037,15
214037,16
214037,2
214037,3
214037,4
214037,5
214037,6
214037,7
214037,8
214037,9
214040,1
214040,10
214040,11
214040,12
214040,13
214040,14
214040,15
214040,16
214040,17
214040,18
214040,19
214040,2
214040,20
214040,21
214040,22
214040,23
214040,24
214040,25
214040,26
214040,27
214040,28
214040,29
214040,3
214040,30
214040,31
214040,32
214040,33
214040,34
214040,4
214040,5
214040,6
214040,7
214040,8
214040,9
214052,1
214052,10
214052,11
214052,12
214052,13
214052,14
214052,15
214052,16
214052,17
214052,18
214052,19
214052,2
214052,20
214052,21
214052,22
214052,23
214052,24
214052,25
214052,26
214052,27
214052,28
214052,29
214052,3
214052,30
214052,31
214052,32
214052,33
214052,34
214052,35
214052,36
214052,4
214052,5
214052,6
214052,7
214052,8
214052,9
214058,1
214058,10
214058,11
214058,12
214058,13
214058,14
214058,15
214058,16
214058,17
214058,18
214058,19
214058,2
214058,20
214058,21
214058,22
214058,23
214058,24
214058,25
214058,26
214058,27
214058,28
214058,29
214058,3
214058,30
214058,31
214058,4
214058,5
214058,6
214058,7
214058,8
214058,9
214061,1
214061,10
214061,11
214061,12
214061,13
214061,14
214061,15
214061,16
214061,17
214061,18
214061,19
214061,2
214061,20
214061,21
214061,22
214061,23
214061,24
214061,25
214061,26
214061,27
214061,28
214061,29
214061,3
214061,30
214061,31
214061,32
214061,33
214061,34
214061,35
214061,36
214061,37
214061,38
214061,39
214061,4
214061,40
214061,5
214061,6
214061,7
214061,8
214061,9
214085,1
214085,10
214085,11
214085,12
214085,13
214085,14
214085,15
214085,16
214085,17
214085,18
214085,19
214085,2
214085,20
214085,21
214085,22
214085,23
214085,24
214085,25
214085,3
214085,4
214085,5
214085,6
214085,7
214085,8
214085,9
214139,1
214139,10
214139,11
214139,12
214139,13
214139,14
214139,15
214139,16
214139,17
214139,18
214139,19
214139,2
214139,20
214139,21
214139,22
214139,23
214139,24
214139,25
214139,26
214139,27
214139,28
214139,29
214139,3
214139,30
214139,31
214139,32
214139,33
214139,34
214139,35
214139,36
214139,37
214139,38
214139,39
214139,4
214139,40
214139,5
214139,6
214139,7
214139,8
214139,9
214142,1
214142,10
214142,11
214142,12
214142,13
214142,14
214142,15
214142,16
214142,17
214142,18
214142,19
214142,2
214142,20
214142,21
214142,22
214142,3
214142,4
214142,5
214142,6
214142,7
214142,8
214142,9
214148,1
214148,10
214148,11
214148,12
214148,13
214148,14
214148,15
214148,16
214148,17
214148,18
214148,19
214148,2
214148,20
214148,3
214148,4
214148,5
214148,6
214148,7
214148,8
214148,9
214220,1
214220,10
214220,11
214220,12
214220,13
214220,14
214220,15
214220,16
214220,17
214220,18
214220,19
214220,2
214220,20
214220,21
214220,22
214220,23
214220,24
214220,25
214220,26
214220,27
214220,28
214220,29
214220,3
214220,30
214220,4
214220,5
214220,6
214220,7
214220,8
214220,9
214226,1
214226,10
214226,11
214226,12
214226,13
214226,14
214226,15
214226,16
214226,17
214226,18
214226,19
214226,2
214226,20
214226,21
214226,22
214226,23
214226,24
214226,25
214226,26
214226,27
214226,28
214226,29
214226,3
214226,30
214226,31
214226,32
214226,33
214226,34
214226,35
214226,36
214226,37
214226,38
214226,39
214226,4
214226,40
214226,5
214226,6
214226,7
214226,8
214226,9
214238,1
214238,10
214238,11
214238,12
214238,13
214238,14
214238,15
214238,16
214238,17
214238,18
214238,19
214238,2
214238,20
214238,21
214238,22
214238,23
214238,24
214238,25
214238,26
214238,27
214238,28
214238,29
214238,3
214238,30
214238,4
214238,5
214238,6
214238,7
214238,8
214238,9
214250,1
214250,10
214250,11
214250,12
214250,13
214250,14
214250,15
214250,16
214250,17
214250,18
214250,19
214250,2
214250,20
214250,21
214250,22
214250,23
214250,24
214250,3
214250,4
214250,5
214250,6
214250,7
214250,8
214250,9
214268,1
214268,10
214268,11
214268,12
214268,13
214268,14
214268,15
214268,16
214268,17
214268,18
214268,19
214268,2
214268,20
214268,21
214268,22
214268,23
214268,24
214268,25
214268,26
214268,27
214268,28
214268,29
214268,3
214268,30
214268,31
214268,32
214268,33
214268,34
214268,35
214268,36
214268,37
214268,38
214268,4
214268,5
214268,6
214268,7
214268,8
214268,9
214277,1
214277,10
214277,11
214277,12
214277,13
214277,14
214277,15
214277,16
214277,17
214277,18
214277,19
214277,2
214277,20
214277,21
214277,22
214277,23
214277,24
214277,25
214277,26
214277,27
214277,28
214277,3
214277,4
214277,5
214277,6
214277,7
214277,8
214277,9
214361,1
214361,10
214361,11
214361,12
214361,13
214361,14
214361,15
214361,16
214361,17
214361,18
214361,19
214361,2
214361,20
214361,21
214361,22
214361,23
214361,24
214361,25
214361,26
214361,27
214361,28
214361,3
214361,4
214361,5
214361,6
214361,7
214361,8
214361,9
